488872
239436
156291
114718
89774.3
73145.3
61267.4
52359
45430.2
39887.2
35352
31572.6
28374.7
25633.7
23258.1
21179.5
19345.4
17715.1
16256.4
14943.6
13755.8
12676
11690.1
10786.3
9954.87
9187.37
8476.73
7816.84
7202.47
6629.06
6092.63
5589.74
5117.32
4672.7
4253.48
3857.55
3483.02
3128.2
2791.58
2471.79
2167.6
1877.9
1601.67
1337.99
1086.04
845.036
614.29
393.159
181.054
-22.5669
-218.203
-406.314
-587.327
-761.636
-929.606
-1091.58
-1247.87
-1398.76
-1544.55
-1685.47
-1821.78
-1953.68
-2081.4
-2205.13
-2325.05
-2441.34
-2554.15
-2663.65
-2769.98
-2873.26
-2973.64
-3071.23
-3166.14
-3258.49
-3348.38
-3435.9
-3521.15
-3604.21
-3685.17
-3764.1
-3841.09
-3916.2
-3989.5
-4061.05
-4130.92
-4199.17
-4265.84
-4331
-4394.7
-4456.98
-4517.89
-4577.48
-4635.79
-4692.85
-4748.72
-4803.42
-4856.99
-4909.47
-4960.89
