              1        19800.6        24788.7
              2        14527.7        17409.1
              3        13631.9        15172.6
              4        11462.2        13998.8
              5        11462.2        13082.8
              6        10485.9        12051.7
              7        9674.57        11139.3
              8        9266.44        10276.2
              9        8730.33        9577.79
             10        8312.23        9091.03
             11        8089.28        8776.32
             12        7332.41        8330.21
             13        7075.76        7803.47
             14        6982.69        7374.09
             15        6862.71        7152.86
             16        6589.71        6969.36
             17        6439.54        6778.16
             18        6306.56        6589.04
             19        6204.51        6448.65
             20        6165.55        6316.34
             21        6092.42        6225.13
             22        5907.75        6154.03
             23        5849.85        6059.29
             24        5766.69        5949.37
             25        5685.39        5885.34
             26        5664.86        5797.61
             27        5496.87        5725.36
             28        5473.81        5607.11
             29        5449.42        5509.18
             30        5428.47        5492.13
             31        5411.78        5472.81
             32        4999.17        5257.32
             33        4988.11        5024.51
             34        4948.14        5027.42
             35        4922.88        4989.67
             36        4907.91        4961.84
             37        4900.91        4937.88
             38        4877.14        4914.32
             39        4865.85        4900.85
             40        4845.87        4883.31
             41        4842.07        4878.26
             42        4817.21        4868.68
             43        4812.24        4840.22
             44        4812.24        4827.11
             45        4808.45        4820.97
             46        4800.24        4820.43
             47        4788.12        4816.15
             48        4788.12        4814.68
             49        4786.39        4809.02
             50        4786.39        4794.52
             51        4786.39        4796.67
             52        4786.39        4796.67
             53        4786.39        4796.67
             54        4786.39        4796.67
             55        4786.39        4796.67
             56        4786.39        4796.67
             57        4786.39        4796.67
             58        4786.39        4796.67
             59        4786.39        4796.67
             60        4786.39        4796.67
             61        4786.39        4796.67
             62        4647.69        4761.73
             63        4647.69        4658.56
             64        4647.69        4658.56
             65        4647.69        4658.56
             66        4647.69        4658.56
             67        4647.69        4658.56
             68        4647.69        4658.56
             69        4647.69        4658.56
             70        4647.69        4658.56
             71        4647.69        4658.56
             72        4647.69        4658.56
             73        4647.69        4658.56
             74        4647.69        4658.56
             75        4647.69        4658.56
             76        4647.69        4658.56
             77        4647.69        4658.56
             78        4647.69        4658.56
             79        4647.69        4658.56
             80        4647.69        4658.56
             81        4647.69        4658.56
             82        4647.69        4658.56
             83        4647.69        4658.56
             84        4647.69        4658.56
             85        4647.69        4658.56
             86        4647.69        4658.56
             87        4647.69        4658.56
             88        4647.69        4658.56
             89        4647.69        4658.56
             90        4647.69        4658.56
             91        4647.69        4658.56
             92        4624.44        4720.33
             93        4624.44        4638.15
             94        4624.44        4638.15
             95        4624.44        4638.15
             96        4624.44        4638.15
             97        4624.44        4638.15
             98        4624.44        4638.15
             99        4624.44        4638.15
            100        4624.44        4638.15
            101        4624.44        4638.15
            102        4624.44        4638.15
            103        4624.44        4638.15
            104        4624.44        4638.15
            105        4624.44        4638.15
            106        4624.44        4638.15
            107        4624.44        4638.15
            108        4624.44        4638.15
            109        4624.44        4638.15
            110        4624.44        4638.15
            111        4624.44        4638.15
            112        4624.44        4638.15
            113        4624.44        4638.15
            114        4624.44        4638.15
            115        4624.44        4638.15
            116        4624.44        4638.15
            117        4624.44        4638.15
            118        4624.44        4638.15
            119        4624.44        4638.15
            120        4624.44        4638.15
            121        4624.44        4638.15
            122        4623.65        4641.53
            123        4623.65        4636.37
            124        4623.65        4636.37
            125        4623.65        4636.37
            126        4623.65        4636.37
            127        4623.65        4636.37
            128        4623.65        4636.37
            129        4623.65        4636.37
            130        4623.65        4636.37
            131        4623.65        4636.37
            132        4623.65        4636.37
            133        4623.65        4636.37
            134        4623.65        4636.37
            135        4623.65        4636.37
            136        4623.65        4636.37
            137        4623.65        4636.37
            138        4623.65        4636.37
            139        4623.65        4636.37
            140        4623.65        4636.37
            141        4623.65        4636.37
            142        4623.65        4636.37
            143        4623.65        4636.37
            144        4623.65        4636.37
            145        4623.65        4636.37
            146        4623.65        4636.37
            147        4623.65        4636.37
            148        4623.65        4636.37
            149        4623.65        4636.37
            150        4623.65        4636.37
            151        4623.65        4636.37
            152        4623.65        4636.37
            153        4623.65        4636.37
            154        4623.65        4636.37
            155        4623.65        4636.37
            156        4623.65        4636.37
            157        4623.65        4636.37
            158        4623.65        4636.37
            159        4623.65        4636.37
            160        4623.65        4636.37
            161        4623.65        4636.37
            162        4623.65        4636.37
            163        4623.65        4636.37
            164        4623.65        4636.37
            165        4623.65        4636.37
            166        4623.65        4636.37
            167        4623.65        4636.37
            168        4623.65        4636.37
            169        4623.65        4636.37
            170        4623.65        4636.37
            171        4623.65        4636.37
            172        4623.65        4636.37
            173        4623.65        4636.37
            174        4623.65        4636.37
            175        4623.65        4636.37
            176        4623.65        4636.37
            177        4623.65        4636.37
            178        4623.65        4636.37
            179        4623.65        4636.37
            180        4623.65        4636.37
            181        4623.65        4636.37
            182        4623.65        4636.37
            183        4623.65        4636.37
            184        4623.65        4636.37
            185        4623.65        4636.37
            186        4623.65        4636.37
            187        4623.65        4636.37
            188        4623.65        4636.37
            189        4623.65        4636.37
            190        4623.65        4636.37
            191        4623.65        4636.37
            192        4623.65        4636.37
            193        4623.65        4636.37
            194        4623.65        4636.37
            195        4623.65        4636.37
            196        4623.65        4636.37
            197        4623.65        4636.37
            198        4623.65        4636.37
            199        4623.65        4636.37
            200        4623.65        4636.37
            201        4623.65        4636.37
            202        4623.65        4636.37
            203        4623.65        4636.37
            204        4623.65        4636.37
            205        4623.65        4636.37
            206        4623.65        4636.37
            207        4623.65        4636.37
            208        4623.65        4636.37
            209        4623.65        4636.37
            210        4623.65        4636.37
            211        4623.65        4636.37
            212        4623.65        4636.37
            213        4623.65        4636.37
            214        4623.65        4636.37
            215        4623.65        4636.37
            216        4623.65        4636.37
            217        4623.65        4636.37
            218        4623.65        4636.37
            219        4623.65        4636.37
            220        4623.65        4636.37
            221        4623.65        4636.37
            222        4623.65        4636.37
            223        4623.65        4636.37
            224        4623.65        4636.37
            225        4623.65        4636.37
            226        4623.65        4636.37
            227        4623.65        4636.37
            228        4623.65        4636.37
            229        4623.65        4636.37
            230        4623.65        4636.37
            231        4623.65        4636.37
            232        4623.65        4636.37
            233        4623.65        4636.37
            234        4623.65        4636.37
            235        4623.65        4636.37
            236        4623.65        4636.37
            237        4623.65        4636.37
            238        4623.65        4636.37
            239        4623.65        4636.37
            240        4623.65        4636.37
            241        4623.65        4636.37
            242        4623.65        4636.37
            243        4623.65        4636.37
            244        4623.65        4636.37
            245        4623.65        4636.37
            246        4623.65        4636.37
            247        4623.65        4636.37
            248        4623.65        4636.37
            249        4623.65        4636.37
            250        4623.65        4636.37
            251        4623.65        4636.37
            252        4623.65        4636.37
            253        4623.65        4636.37
            254        4623.65        4636.37
            255        4623.65        4636.37
            256        4623.65        4636.37
            257        4623.65        4636.37
            258        4623.65        4636.37
            259        4623.65        4636.37
            260        4623.65        4636.37
            261        4623.65        4636.37
            262        4623.65        4636.37
            263        4623.65        4636.37
            264        4623.65        4636.37
            265        4623.65        4636.37
            266        4623.65        4636.37
            267        4623.65        4636.37
            268        4623.65        4636.37
            269        4623.65        4636.37
            270        4623.65        4636.37
            271        4623.65        4636.37
            272        4623.65        4636.37
            273        4623.65        4636.37
            274        4623.65        4636.37
            275        4623.65        4636.37
            276        4623.65        4636.37
            277        4623.65        4636.37
            278        4623.65        4636.37
            279        4623.65        4636.37
            280        4623.65        4636.37
            281        4623.65        4636.37
            282        4623.65        4636.37
            283        4623.65        4636.37
            284        4623.65        4636.37
            285        4623.65        4636.37
            286        4623.65        4636.37
            287        4623.65        4636.37
            288        4623.65        4636.37
            289        4623.65        4636.37
            290        4623.65        4636.37
            291        4623.65        4636.37
            292        4623.65        4636.37
            293        4623.65        4636.37
            294        4623.65        4636.37
            295        4623.65        4636.37
            296        4623.65        4636.37
            297        4623.65        4636.37
            298        4623.65        4636.37
            299        4623.65        4636.37
            300        4623.65        4636.37
