              1        37.1857        49.3883
              1        35.6622         50.456
              2        30.5661        41.7439
              2        31.8625        43.2767
              3        28.6579        36.6114
              3        29.5452        37.4937
              4        26.6187        32.9215
              4        23.8039        33.2566
              5        22.6142        29.2407
              5         24.408        29.4768
              6        21.6768         25.985
              6        19.6375         26.936
              7        18.7257        24.1561
              7         19.327         24.849
              8        17.8264        22.3861
              8        17.7145        22.6014
              9        17.1556        20.9737
              9        16.3726        20.2674
             10        14.4625        19.6536
             10         15.149        18.2142
             11        14.4797        16.8014
             11        14.4625        18.7105
             12        13.7803        15.6011
             12        14.4625        17.6794
             13        12.0775        14.7392
             13        14.4625        16.6249
             14        11.3905         14.125
             14         14.159        15.8601
             15        10.6685         13.329
             15         13.698        15.5177
             16        12.9105        15.0935
             16        10.5054         12.394
             17         12.777        14.5004
             17        9.07928        11.5918
             18        11.9389        13.9693
             18        8.16945        10.8187
             19        10.4434        13.3764
             19        7.56826        9.92917
             20        10.4434        12.8791
             20        7.28676        9.19258
             21        10.4221        12.2273
             21        6.92909        8.35288
             22         10.303        11.6998
             22        6.49012        7.70252
             23        9.80039         11.203
             23        6.19941        7.23623
             24        9.70202        10.8591
             24        6.07902        6.90489
             25        8.85403        10.7196
             25        6.07902         6.5771
             26        8.85403        10.6208
             26        6.04666        6.36974
             27        8.85403        10.4266
             27        5.98259        6.26636
             28        8.19734        10.4606
             28        5.68101        6.15909
             29        7.90035         10.185
             29        5.68101        6.07725
             30        7.90035        9.69535
             30        3.99148        5.98859
             31        7.72615        9.41715
             31        3.87109        5.88918
             32        7.68298        8.97409
             32        3.62583        5.37908
             33        7.67763        8.38808
             33        3.47161        4.48358
             34        7.63445        8.03176
             35        7.62824        8.07473
             34        3.47161        3.93254
             36        7.38611        8.48587
             35        3.44493        3.66064
             37        7.34554        8.66596
             36        3.44493        3.54683
             38        7.11406        8.60682
             37        3.44493        3.50314
             39        6.96474        8.52519
             38        3.40163        3.47686
             40        6.96474         8.4352
             39        3.40163        3.48682
             41        6.60438        8.09373
             40        3.40163        3.46837
             42        6.60438        7.63855
             41        3.40163        3.46131
             43        6.47072        7.10045
             42        3.40163        3.44996
             44        6.47072        7.09466
             43        3.40163        3.45212
             45        6.47072         7.0434
             44        3.40163        3.44067
             46        6.47072         6.8999
             45        3.40163        3.45031
             47        6.47072        6.75681
             46        3.40163        3.45031
             48        6.47072        6.95636
             47        3.40163        3.45153
             49        6.37633        7.02495
             48        3.40163        3.44972
             50        6.37633        7.09723
             49        3.40163        3.44316
             51        6.37633        6.87728
             50        3.40163        3.44013
             52        6.37633        6.98534
             51         3.4005        3.43063
             53        6.37633        7.03222
             52         3.4005        3.44904
             54        6.37633        7.06553
             53         3.4005        3.44901
             55        6.37633        7.01065
             54         3.4005        3.44259
             56        6.37633         6.9808
             55         3.4005        3.44636
             57        6.37633        6.89438
             56         3.4005        3.44283
             58        6.37633        6.71849
             57         3.4005        3.45325
             59        6.37633        6.58904
             58         3.4005        3.43901
             60        6.37633        6.53067
             59         3.4005        3.43685
             61        6.37633        6.53633
             60         3.4005        3.44367
             62        6.37633           6.53
             61         3.4005        3.44661
             63        6.37633        6.53096
             64        6.37633        6.53785
             62         3.4005        3.44075
             65        6.37633        6.52796
             63         3.4005        3.43178
             66        6.37633        6.53437
             64         3.4005        3.44171
             67        6.37633        6.51466
             65         3.4005        3.43181
             68        6.37633        6.51505
             66         3.4005        3.43682
             69          6.141        6.52192
             67         3.4005        3.43127
             70          6.141        6.71936
             68         3.4005         3.4367
             71          6.141        6.96635
             69         3.4005        3.43491
             72          6.141        6.82974
             70         3.4005        3.44144
             73          6.141        6.68203
             71         3.4005        3.43498
             74          6.141        6.56525
             72         3.4005        3.44288
             75          6.141        6.53502
             73         3.4005        3.43562
             76          6.141         6.5158
             74         3.4005        3.44287
             77          6.141        6.50889
             75         3.4005        3.44173
             78          6.141        6.48982
             76         3.4005         3.4441
             79          6.141         6.4956
             77         3.4005         3.4446
             80          6.141        6.48695
             78        3.31422        3.45126
             81          6.141        6.48778
             79        3.31422        3.43803
             82          6.141        6.50482
             80        3.31422        3.39652
             83          6.141        6.50359
             81        3.31422        3.37785
             84          6.141        6.52104
             82        3.31422          3.354
             85          6.141        6.50508
             86          6.141        6.48503
             83        3.31422        3.35343
             87          6.141        6.48346
             84        3.31422        3.34884
             88         6.1136        6.48703
             85        3.31422        3.35511
             89         6.1136        6.45453
             90         6.1136        6.35341
             86        3.31422        3.35945
             91         6.1136        6.30894
             87        3.31422        3.35472
             92         6.1136        6.25821
             93         6.1136         6.2411
             88        3.31422        3.35992
             94         6.1136        6.24332
             89        3.31422        3.36991
             95         6.1136        6.21982
             90        3.31422        3.36641
             96         6.1136        6.22675
             91        3.31422        3.35445
             97         6.1136        6.24971
             98         6.1136        6.23423
             92        3.31422        3.35843
             99         6.1136        6.23262
             93        3.31422        3.36031
            100         6.1136        6.24765
             94        3.31422        3.35978
            101         6.1136        6.23174
            102         6.1136        6.25137
             95        3.31422        3.34632
            103         6.1136        6.26364
             96        3.31422         3.3467
            104         6.1136        6.24268
             97        3.31422        3.35763
            105         6.1136        6.22473
            106         6.1136         6.2353
             98        3.31422        3.35674
            107         6.1136        6.24764
             99        3.31422        3.35633
            108         6.1136        6.24472
            100        3.31422        3.34223
            109         6.1136        6.24272
            110         6.1136        6.24573
            101        3.31422        3.34337
            111         6.1136        6.25879
            102        3.31422        3.35735
            112         6.1136          6.242
            113         6.1136        6.23975
            103        3.31422        3.35335
            114        5.70935         6.2665
            104        3.31422         3.3506
            115        5.70935        6.27386
            105        3.31422        3.36606
            116        5.70935        6.26414
            117        5.70935        6.24162
            106        3.31422         3.3633
            118        5.70935        6.24828
            107        3.31422        3.36814
            119        5.70935        6.23771
            120        5.70935        6.24948
            108        3.31422        3.36831
            121        5.70935          6.248
            109        3.31422        3.35983
            122        5.70935        6.23958
            110        3.31422        3.36767
            123        5.70935        6.25399
            111        3.31422        3.36062
            124        5.70935        6.22814
            125        5.70935        6.23385
            112        3.31422        3.35205
            126        5.70935        6.26061
            113        3.31422         3.3481
            127        5.70935        6.22882
            114        3.31422        3.34395
            128        5.70935        6.24574
            129        5.70935        6.22159
            115        3.31422          3.359
            130        5.70935        6.24552
            116        3.31422        3.34892
            131        5.70935        6.23681
            132        5.70935        6.26464
            117        3.31422        3.35767
            133        5.70935         6.2315
            118        3.31422        3.35557
            134        5.70935        6.23927
            119        3.31422        3.33981
            135        5.70935        6.23264
            136        5.70731        6.08133
            120        3.31422        3.34941
            137        5.70731        5.97255
            121        3.31422        3.34701
            138        5.65068        6.18881
            122        3.31422        3.35023
            139        5.65068         6.2251
            140        5.65068        6.15522
            123        3.31422        3.35138
            141        5.65068        6.05363
            124        3.31422        3.35054
            142        5.65068        5.94745
            143        5.65068        5.88256
            125        3.31422        3.36076
            144        5.65068        5.86509
            126        3.31422        3.35243
            145        5.65068        5.84129
            127        3.31422         3.3458
            146        5.65068        5.80339
            147        5.65068        5.81265
            128        3.31422        3.35981
            148        5.65068        5.80666
            129        3.31422        3.36022
            149        5.65068        5.81878
            130        3.31422        3.35215
            150        5.65068        5.81782
            151        5.65068        5.80408
            131        3.31422        3.35309
            152        5.65068        5.80992
            132        3.31422        3.35879
            133        3.31422         3.3616
            153        5.65068        5.79193
            154        5.65068        5.79781
            134        3.31422        3.36369
            155        5.65068        5.79474
            135        3.31422        3.35805
            156        5.65068        5.82378
            136        3.31422        3.35813
            137        3.31422        3.37064
            157        5.65068        5.82926
            158        5.65068        5.80265
            138        3.31422        3.35927
            159        5.65068        5.81377
            139        3.31422        3.36684
            160        5.65068        5.83065
            140        3.31422         3.3612
            161        5.65068        5.82892
            141        3.31422        3.35549
            142        3.31422        3.34685
            162        5.65068        5.79848
            143        3.31422        3.35793
            163        5.65068        5.80542
            144        3.31422        3.35604
            164        5.65068        5.77878
            145        3.31422        3.35544
            165        5.65068        5.79673
            146        3.31422        3.34896
            166        5.65068        5.80718
            147        3.31422        3.35183
            167        5.65068        5.79415
            148        3.31422        3.34989
            168        5.65068         5.7859
            149        3.31422        3.35316
            169        5.65068        5.79622
            170        5.65068        5.79471
            150        3.31422        3.34652
            151        3.31422        3.35453
            171        5.65068        5.80074
            152        3.31422        3.35243
            172        5.65068        5.79201
            153        3.31422        3.35169
            173        5.65068        5.81049
            154        3.31422        3.35111
            174        5.65068         5.7877
            175        5.65068        5.78765
            155        3.31422        3.35857
            176        5.65068        5.78504
            156        3.31422        3.35288
            157        3.31422         3.3588
            177        5.65068        5.79574
            158        3.31422        3.35075
            178        5.65068        5.76783
            179        5.65068        5.80148
            159        3.31422         3.3606
            160        3.31422        3.35805
            180        5.65068        5.80801
            161        3.31422        3.35845
            181        5.65068        5.78381
            162        3.31422        3.35328
            182        5.65068        5.86438
            163        3.31422        3.34504
            183        5.65068        5.88527
            184        5.65068         5.8731
            164        3.31422        3.35028
            185        5.65068        5.83865
            165        3.31422        3.34461
            186        5.65068        5.80037
            166        3.31422        3.34638
            167        3.31422        3.35438
            187        5.65068        5.79336
            168        3.31422        3.34104
            188        5.65068        5.77776
            189        5.64663         5.7836
            169        3.31422        3.34131
            170        3.31422        3.35298
            190        5.64663        5.99851
            171        3.31422        3.34946
            191        5.64194        6.22898
            172        3.31422        3.35786
            192        5.64194        6.41146
            193        5.64194         6.2248
            173        3.31422        3.35171
            194        5.64194        6.00458
            174        3.31422        3.36317
            195        5.64194        5.93171
            175        3.31422        3.35812
            176        3.31422        3.35466
            196        5.64194        5.90443
            177        3.31422        3.34498
            197        5.64194         5.8282
            178        3.31422        3.35324
            198        5.64194        5.80972
            199        5.64194        5.79459
            179        3.31422        3.35514
            200        5.64194        5.77289
            180        3.31422        3.34954
            181        3.31422        3.35792
            182        3.31422        3.35983
            183        3.31422        3.34664
            184        3.31422        3.35163
            185        3.31422        3.34984
            186        3.31422        3.34714
            187        3.31422        3.35366
            188        3.31422        3.35623
            189        3.31422        3.34396
            190        3.31422        3.35543
            191        3.31422        3.35569
            192        3.31422        3.34518
            193        3.31422        3.35599
            194        3.31422        3.34378
            195        3.31422        3.35913
            196        3.31422        3.35537
            197        3.31422         3.3571
            198        3.31422        3.34424
            199        3.31422        3.34827
            200        3.31422        3.35787
