              1          16110        23716.9
              2        15710.7        18647.2
              3        13660.3        16184.2
              4        12447.2        14461.9
              5        11293.5        13118.5
              6        10746.4          11853
              7        9271.85        11156.4
              8        9271.85        10380.6
              9        8687.63         9651.1
             10        8122.98        8950.28
             11        7682.37        8360.12
             12        7323.55        7878.63
             13        6868.45        7562.96
             14        6714.34        7189.21
             15        6539.21        6843.56
             16        6399.55        6627.77
             17        6335.65        6499.51
             18        6137.35        6379.46
             19        6032.86        6242.64
             20        5885.64        6087.67
             21        5789.83        5959.47
             22        5695.13        5832.99
             23        5557.02         5731.2
             24        5546.16        5637.42
             25        5401.98        5584.79
             26        5382.34        5489.06
             27        5311.99        5407.57
             28        5245.44        5362.66
             29        5160.87        5298.87
             30        5129.07         5217.4
             31        5129.07        5161.67
             32        5037.37        5150.38
             33        5037.37        5138.37
             34        5012.19        5115.03
             35        5012.19        5094.31
             36         4986.6        5068.46
             37        4976.19        5018.81
             38        4904.63        4987.97
             39        4867.89        4937.99
             40        4843.96           4882
             41        4826.88        4859.29
             42        4825.29        4849.88
             43        4823.26         4846.5
             44        4807.31        4840.99
             45        4807.31        4831.22
             46        4778.23        4813.59
             47        4778.23         4800.6
             48        4775.37        4783.21
             49        4758.73        4778.67
             50        4734.94        4771.32
             51        4734.94        4758.72
             52        4734.94        4754.48
             53        4734.94        4745.86
             54        4734.94        4745.86
             55        4734.94        4745.86
             56        4734.94        4745.86
             57        4734.94        4745.86
             58        4734.94        4745.86
             59        4734.94        4745.86
             60        4734.94        4745.86
             61        4734.94        4745.86
             62        4734.94        4745.86
             63        4734.94        4745.86
             64        4734.94        4745.86
             65        4734.94        4745.86
             66        4734.94        4745.86
             67        4734.94        4745.86
             68        4734.94        4745.86
             69        4734.94        4745.86
             70        4734.94        4745.86
             71        4734.94        4745.86
             72        4734.94        4745.86
             73        4734.94        4745.86
             74        4734.94        4745.86
             75        4734.94        4745.86
             76        4734.94        4745.86
             77        4734.94        4745.86
             78        4734.94        4745.86
             79        4734.94        4745.86
             80        4734.94        4745.86
             81        4734.94        4745.86
             82        4734.94        4745.86
             83        4734.94        4745.86
             84        4734.94        4745.86
             85        4734.94        4745.86
             86        4734.94        4745.86
             87        4734.94        4745.86
             88        4734.94        4745.86
             89        4734.94        4745.86
             90        4734.94        4745.86
             91        4734.94        4745.86
             92        4734.94        4745.86
             93        4734.94        4745.86
             94        4734.94        4745.86
             95        4734.94        4745.86
             96        4734.94        4745.86
             97        4734.94        4745.86
             98        4734.94        4745.86
             99        4734.94        4745.86
            100        4734.94        4745.86
            101        4734.94        4745.86
            102        4734.94        4745.86
            103        4734.94        4745.86
            104        4734.94        4745.86
            105        4734.94        4745.86
            106        4734.94        4745.86
            107        4734.94        4745.86
            108        4734.94        4745.86
            109        4734.94        4745.86
            110        4734.94        4745.86
            111        4734.94        4745.86
            112        4734.94        4745.86
            113        4734.94        4745.86
            114        4734.94        4745.86
            115        4734.94        4745.86
            116        4734.94        4745.86
            117        4734.94        4745.86
            118        4734.94        4745.86
            119        4734.94        4745.86
            120        4734.94        4745.86
            121        4734.94        4745.86
            122        4734.94        4745.86
            123        4734.94        4745.86
            124        4734.94        4745.86
            125        4734.94        4745.86
            126        4734.94        4745.86
            127        4734.94        4745.86
            128        4734.94        4745.86
            129        4734.94        4745.86
            130        4734.94        4745.86
            131        4734.94        4745.86
            132        4734.94        4745.86
            133        4734.94        4745.86
            134        4734.94        4745.86
            135        4734.94        4745.86
            136        4734.94        4745.86
            137        4734.94        4745.86
            138        4734.94        4745.86
            139        4734.94        4745.86
            140        4734.94        4745.86
            141        4734.94        4745.86
            142        4734.94        4745.86
            143        4734.94        4745.86
            144        4734.94        4745.86
            145        4734.94        4745.86
            146        4734.94        4745.86
            147        4734.94        4745.86
            148        4734.94        4745.86
            149        4734.94        4745.86
            150        4734.94        4745.86
            151        4734.94        4745.86
            152        4734.94        4745.86
            153        4734.94        4745.86
            154        4734.94        4745.86
            155        4734.94        4745.86
            156        4734.94        4745.86
            157        4734.94        4745.86
            158        4734.94        4745.86
            159        4734.94        4745.86
            160        4734.94        4745.86
            161        4734.94        4745.86
            162        4734.94        4745.86
            163        4734.94        4745.86
            164        4734.94        4745.86
            165        4734.94        4745.86
            166        4734.94        4745.86
            167        4734.94        4745.86
            168        4734.94        4745.86
            169        4734.94        4745.86
            170        4734.94        4745.86
            171        4734.94        4745.86
            172        4734.94        4745.86
            173        4734.94        4745.86
            174        4734.94        4745.86
            175        4734.94        4745.86
            176        4734.94        4745.86
            177        4734.94        4745.86
            178        4734.94        4745.86
            179        4734.94        4745.86
            180        4734.94        4745.86
            181        4734.94        4745.86
            182        4734.94        4745.86
            183        4734.94        4745.86
            184        4734.94        4745.86
            185        4734.94        4745.86
            186        4734.94        4745.86
            187        4734.94        4745.86
            188        4734.94        4745.86
            189        4734.94        4745.86
            190        4734.94        4745.86
            191        4734.94        4745.86
            192        4734.94        4745.86
            193        4734.94        4745.86
            194        4734.94        4745.86
            195        4734.94        4745.86
            196        4734.94        4745.86
            197        4734.94        4745.86
            198        4734.94        4745.86
            199        4734.94        4745.86
            200        4734.94        4745.86
