           1     50.6216     101.243           0
           2     51.3637     101.985           0
           3     50.7643     101.833           0
           4     50.0424     101.396           0
           5     50.4504     101.297           0
           6     51.1164     101.453           0
           7     50.9159     101.507           0
           8     50.4997     101.444           0
           9     51.3539     101.584           0
          10     50.7092     101.567           0
          11     50.8472     101.579           0
          12     50.8308     101.586           0
          13     50.9843     101.615           0
          14     51.4312     101.704           0
          15     51.5276     101.794           0
          16     50.7683     101.778           0
          17     50.4558     101.727           0
          18     51.3701     101.784           0
          19     50.4166     101.734           0
          20     50.8113     101.728           0
          21     51.5089     101.789           0
          22      50.391     101.744           0
          23     50.4983     101.711           0
          24      51.009     101.724           0
          25     50.8244     101.721           0
          26      50.496     101.693           0
          27     50.9887     101.703           0
          28     51.2079     101.729           0
          29     50.3107     101.691           0
          30     50.7229     101.683           0
          31       50.65      101.67           0
          32      51.402     101.706           0
          33     50.7362     101.699           0
          34     50.8848     101.701           0
          35     51.0146      101.71           0
          36     51.2954     101.735           0
          37     50.7032     101.726           0
          38     50.2772     101.695           0
          39     50.6762     101.686           0
          40     51.1536     101.702           0
          41      50.476     101.683           0
          42     50.7625      101.68           0
          43     51.4002     101.706           0
          44     51.1557     101.719           0
          45     50.2205     101.691           0
          46     50.9025     101.693           0
          47     50.8923     101.695           0
          48      50.503     101.681           0
          49     50.5008     101.667           0
          50     50.7788     101.665           0
          51     50.2147     101.641           0
          52     50.6603     101.635           0
          53     50.5248     101.624           0
          54     50.1529     101.599           0
          55     51.2142     101.614           0
          56     50.5316     101.604           0
          57     51.2754     101.621           0
          58     50.4043     101.607           0
          59     50.4166     101.594           0
          60     50.2433     101.575           0
          61     51.5783     101.601           0
          62     50.9256     101.605           0
          63     50.9297     101.609           0
          64      50.719     101.607           0
          65     50.9575     101.611           0
          66     50.5005     101.602           0
          67     50.5119     101.594           0
          68     51.1331     101.603           0
          69     50.7823     101.603           0
          70     50.8031     101.603           0
          71      50.555     101.596           0
          72     50.8623     101.598           0
          73     51.2325      101.61           0
          74     51.2044      101.62           0
          75     50.7935      101.62           0
          76     50.7925      101.62           0
          77     50.3586     101.608           0
          78     50.9103     101.611           0
          79     49.9851      101.59           0
          80     51.0724     101.597           0
          81     50.7938     101.597           0
          82     50.9765     101.601           0
          83     50.8283     101.602           0
          84     50.8073     101.602           0
          85     51.5086     101.618           0
          86     50.5218     101.612           0
          87      50.798     101.612           0
          88     50.3869     101.602           0
          89     51.4152     101.616           0
          90     50.9711     101.619           0
          91     51.0154     101.624           0
          92     50.5237     101.618           0
          93     50.6206     101.614           0
          94     51.4112     101.627           0
          95     50.9468     101.629           0
          96     50.0113     101.613           0
          97     50.4538     101.605           0
          98     50.5621       101.6           0
          99     50.4969     101.594           0
         100     50.6389     101.591           0
