           1       1.541       1.541           0
           2     1.54085     1.54093 5.25158e-05
           3     1.54041     1.54075 0.000145681
           4     1.53966     1.54048 0.000259644
           5     1.53863     1.54011 0.000391187
           6      1.5373     1.53964 0.000538192
           7     1.53567     1.53907 0.000699148
           8     1.53375     1.53841 0.000872904
           9     1.53153     1.53764  0.00105854
          10     1.52903     1.53678  0.00125526
          11     1.52623     1.53582  0.00146241
          12     1.52314     1.53477  0.00167949
          13     1.51977     1.53361  0.00190593
          14      1.5161     1.53236  0.00214124
          15     1.51215     1.53101  0.00238502
          16     1.50792     1.52957   0.0026369
          17      1.5034     1.52803  0.00289651
          18      1.4986      1.5264  0.00316351
          19     1.49353     1.52467  0.00343765
          20     1.48817     1.52284  0.00371872
          21     1.48253     1.52092  0.00400655
          22     1.47662     1.51891   0.0043009
          23     1.47042      1.5168  0.00460159
          24     1.46396      1.5146  0.00490845
          25     1.45721      1.5123  0.00522133
          26     1.45019     1.50991   0.0055401
          27      1.4429     1.50743  0.00586464
          28     1.43533     1.50486  0.00619481
          29     1.42749     1.50219  0.00653047
          30     1.41938     1.49943  0.00687148
          31       1.411     1.49658  0.00721771
          32     1.40235     1.49363  0.00756901
          33     1.39344     1.49059  0.00792525
          34     1.38426     1.48747  0.00828629
          35     1.37482     1.48425  0.00865199
          36     1.36513     1.48094  0.00902222
          37     1.35518     1.47754  0.00939685
          38     1.34497     1.47405  0.00977574
          39     1.33452     1.47047   0.0101587
          40     1.32382     1.46681   0.0105456
          41     1.31288     1.46305   0.0109363
          42      1.3017     1.45921   0.0113306
          43     1.29029     1.45528   0.0117283
          44     1.27865     1.45127   0.0121294
          45     1.26679     1.44717   0.0125335
          46      1.2547     1.44299   0.0129406
          47      1.2424     1.43872   0.0133505
          48      1.2299     1.43437   0.0137629
          49     1.21719     1.42994   0.0141778
          50     1.20428     1.42542   0.0145949
          51     1.19119     1.42083    0.015014
          52     1.17791     1.41616   0.0154349
          53     1.16446     1.41141   0.0158574
          54     1.15084     1.40658   0.0162814
          55     1.13706     1.40168   0.0167066
          56     1.12313     1.39671   0.0171327
          57     1.10906     1.39166   0.0175597
          58     1.09485     1.38655   0.0179872
          59     1.08052     1.38136    0.018415
          60     1.06608      1.3761   0.0188428
          61     1.05153     1.37078   0.0192706
          62     1.03689      1.3654   0.0196979
          63     1.02216     1.35995   0.0201246
          64     1.00737     1.35444   0.0205503
          65    0.992509     1.34887    0.020975
          66    0.977602     1.34325   0.0213982
          67    0.962659     1.33757   0.0218198
          68    0.947692     1.33183   0.0222394
          69    0.932712     1.32605   0.0226569
          70    0.917733     1.32022   0.0230718
          71    0.902768     1.31434   0.0234841
          72    0.887828     1.30841   0.0238934
          73    0.872929     1.30245   0.0242994
          74    0.858083     1.29644   0.0247018
          75    0.843304      1.2904   0.0251005
          76    0.828605     1.28432   0.0254951
          77    0.813999     1.27822   0.0258853
          78    0.799501     1.27208    0.026271
          79    0.785124     1.26591   0.0266517
          80    0.770882     1.25973   0.0270274
          81    0.756789     1.25352   0.0273977
          82    0.742857     1.24729   0.0277623
          83      0.7291     1.24105    0.028121
          84    0.715531     1.23479   0.0284737
          85    0.702163     1.22852   0.0288199
          86    0.689008     1.22225   0.0291596
          87    0.676078     1.21597   0.0294925
          88    0.663385     1.20969   0.0298184
          89    0.650942     1.20342    0.030137
          90    0.638758     1.19714   0.0304482
          91    0.626844     1.19087   0.0307518
          92    0.615211     1.18462   0.0310476
          93    0.603869     1.17837   0.0313354
          94    0.592827     1.17214   0.0316152
          95    0.582094     1.16593   0.0318867
          96    0.571677     1.15974   0.0321497
          97    0.561585     1.15358   0.0324043
          98    0.551823     1.14744   0.0326502
          99      0.5424     1.14132   0.0328874
         100    0.533319     1.13524   0.0331158
         101    0.524586      1.1292   0.0333353
         102    0.516206     1.12319   0.0335458
         103    0.508183     1.11722   0.0337473
         104    0.500519     1.11129   0.0339398
         105    0.493216      1.1054   0.0341232
         106    0.486278     1.09956   0.0342975
         107    0.479703     1.09377   0.0344628
         108    0.473494     1.08802   0.0346189
         109     0.46765     1.08233    0.034766
         110     0.46217     1.07669   0.0349041
         111    0.457053     1.07111   0.0350332
         112    0.452296     1.06559   0.0351534
         113    0.447898     1.06012   0.0352648
         114    0.443855     1.05471   0.0353673
         115    0.440165     1.04937   0.0354612
         116    0.436822     1.04409   0.0355465
         117    0.433822     1.03887   0.0356233
         118     0.43116     1.03372   0.0356918
         119    0.428831     1.02864    0.035752
         120    0.426828     1.02363   0.0358041
         121    0.425146     1.01868   0.0358482
         122    0.423777      1.0138   0.0358844
         123    0.422715       1.009    0.035913
         124    0.421952     1.00426   0.0359341
         125    0.421481    0.999601   0.0359478
         126    0.421294    0.995012   0.0359543
         127    0.421384    0.990495   0.0359538
         128    0.421741    0.986051   0.0359464
         129    0.422357    0.981682   0.0359324
         130    0.423225    0.977386   0.0359119
         131    0.424334    0.973164    0.035885
         132    0.425677    0.969017   0.0358521
         133    0.427244    0.964943   0.0358132
         134    0.429027    0.960944   0.0357685
         135    0.431017    0.957018   0.0357183
         136    0.433204    0.953167   0.0356627
         137    0.435581    0.949389    0.035602
         138    0.438136    0.945684   0.0355362
         139    0.440863    0.942052   0.0354657
         140    0.443752    0.938493   0.0353905
         141    0.446794    0.935006   0.0353109
         142    0.449981     0.93159    0.035227
         143    0.453305    0.928245   0.0351391
         144    0.456756    0.924971   0.0350473
         145    0.460327    0.921767   0.0349518
         146     0.46401    0.918631   0.0348527
         147    0.467797    0.915564   0.0347503
         148    0.471678    0.912565   0.0346447
         149    0.475648    0.909633   0.0345361
         150    0.479698    0.906767   0.0344245
         151     0.48382    0.903966   0.0343103
         152    0.488009    0.901229   0.0341936
         153    0.492257    0.898556   0.0340744
         154    0.496557    0.895946    0.033953
         155    0.500903    0.893397   0.0338294
         156    0.505288    0.890909   0.0337039
         157    0.509706    0.888481   0.0335766
         158    0.514152    0.886112   0.0334476
         159    0.518619    0.883801    0.033317
         160    0.523101    0.881546   0.0331849
         161    0.527595    0.879348   0.0330516
         162    0.532095    0.877204    0.032917
         163    0.536595    0.875115   0.0327813
         164    0.541091    0.873078   0.0326446
         165    0.545579    0.871093   0.0325071
         166    0.550055    0.869159   0.0323687
         167    0.554513    0.867275   0.0322297
         168    0.558951     0.86544     0.03209
         169    0.563366    0.863652   0.0319499
         170    0.567752    0.861912   0.0318093
         171    0.572108    0.860217   0.0316684
         172    0.576429    0.858567   0.0315273
         173    0.580713    0.856961   0.0313859
         174    0.584957    0.855398   0.0312444
         175    0.589157    0.853876   0.0311029
         176    0.593312    0.852396   0.0309614
         177    0.597418    0.850955     0.03082
         178    0.601474    0.849554   0.0306787
         179    0.605477     0.84819   0.0305376
         180    0.609426    0.846864   0.0303967
         181    0.613319    0.845573   0.0302562
         182    0.617153    0.844318   0.0301159
         183    0.620926    0.843098   0.0299761
         184    0.624638     0.84191   0.0298367
         185    0.628286    0.840756   0.0296977
         186    0.631869    0.839633   0.0295593
         187    0.635385     0.83854   0.0294214
         188    0.638834    0.837478   0.0292841
         189    0.642212    0.836445   0.0291474
         190     0.64552     0.83544   0.0290113
         191    0.648756    0.834463   0.0288758
         192     0.65192    0.833512   0.0287411
         193     0.65501    0.832587    0.028607
         194    0.658026    0.831687   0.0284737
         195    0.660964    0.830812   0.0283412
         196    0.663823     0.82996   0.0282094
         197    0.666604    0.829131   0.0280784
         198    0.669306    0.828323   0.0279482
         199    0.671926    0.827537   0.0278188
         200    0.674465    0.826772   0.0276902
         201    0.676921    0.826027   0.0275625
         202    0.679294      0.8253   0.0274356
         203    0.681583    0.824592   0.0273096
         204    0.683786    0.823902   0.0271844
         205    0.685904    0.823229   0.0270601
         206    0.687936    0.822572   0.0269368
         207    0.689881    0.821931   0.0268143
         208    0.691738    0.821305   0.0266926
         209    0.693508    0.820694   0.0265719
         210     0.69519    0.820096   0.0264521
         211    0.696783    0.819512   0.0263332
         212    0.698287     0.81894   0.0262152
         213      0.6997     0.81838   0.0260981
         214    0.701024    0.817832   0.0259819
         215    0.702258    0.817294   0.0258666
         216    0.703401    0.816767   0.0257522
         217    0.704455    0.816249   0.0256388
         218    0.705418    0.815741   0.0255262
         219    0.706292    0.815241   0.0254145
         220    0.707077    0.814749   0.0253038
         221    0.707774    0.814265   0.0251939
         222    0.708383    0.813788   0.0250849
         223    0.708906    0.813318   0.0249769
         224    0.709342    0.812854   0.0248697
         225    0.709692    0.812395   0.0247634
         226    0.709959    0.811942   0.0246579
         227    0.710141    0.811494   0.0245534
         228    0.710241     0.81105   0.0244497
         229     0.71026    0.810609   0.0243469
         230      0.7102    0.810173    0.024245
         231    0.710062    0.809739   0.0241439
         232    0.709848    0.809309   0.0240436
         233    0.709559    0.808881   0.0239443
         234    0.709199    0.808455   0.0238457
         235     0.70877    0.808031    0.023748
         236    0.708274    0.807608   0.0236512
         237    0.707713    0.807186   0.0235551
         238    0.707091    0.806766   0.0234599
         239    0.706409    0.806346   0.0233655
         240     0.70567    0.805926   0.0232719
         241    0.704878    0.805507   0.0231791
         242    0.704036    0.805088   0.0230871
         243    0.703146    0.804668   0.0229959
         244    0.702212    0.804248   0.0229055
         245    0.701237    0.803828   0.0228159
         246    0.700225    0.803407    0.022727
         247     0.69918    0.802985   0.0226389
         248    0.698105    0.802562   0.0225516
         249    0.697005    0.802138    0.022465
         250    0.695883    0.801713   0.0223792
         251    0.694741    0.801287   0.0222941
         252    0.693583    0.800859   0.0222097
         253    0.692414    0.800431   0.0221261
         254    0.691237    0.800001   0.0220431
         255    0.690055     0.79957   0.0219609
         256    0.688872    0.799137   0.0218794
         257    0.687694    0.798704   0.0217985
         258    0.686523    0.798269   0.0217184
         259    0.685363    0.797833   0.0216389
         260    0.684217    0.797396   0.0215601
         261    0.683088    0.796958   0.0214819
         262     0.68198    0.796519   0.0214044
         263    0.680895     0.79608   0.0213275
         264    0.679839    0.795639   0.0212513
         265    0.678814    0.795198   0.0211757
         266    0.677823    0.794757   0.0211007
         267    0.676868    0.794316   0.0210263
         268    0.675954    0.793874   0.0209524
         269    0.675081    0.793432   0.0208792
         270    0.674253    0.792991   0.0208065
         271    0.673472     0.79255   0.0207344
         272    0.672741    0.792109   0.0206629
         273    0.672061     0.79167   0.0205919
         274    0.671436    0.791231   0.0205214
         275    0.670867    0.790793   0.0204514
         276    0.670355    0.790357    0.020382
         277    0.669903    0.789922   0.0203131
         278    0.669511    0.789489   0.0202446
         279    0.669182    0.789058   0.0201766
         280    0.668916    0.788629   0.0201091
         281    0.668713    0.788202   0.0200421
         282    0.668574    0.787778   0.0199755
         283    0.668501    0.787356   0.0199094
         284    0.668493    0.786938   0.0198437
         285     0.66855    0.786522   0.0197784
         286    0.668674     0.78611   0.0197135
         287    0.668863    0.785702   0.0196491
         288    0.669119    0.785297    0.019585
         289    0.669441    0.784896   0.0195214
         290    0.669829    0.784499   0.0194581
         291    0.670283    0.784107   0.0193952
         292    0.670802    0.783719   0.0193326
         293    0.671385    0.783335   0.0192704
         294    0.672032    0.782957   0.0192086
         295    0.672744    0.782583   0.0191471
         296    0.673518    0.782215    0.019086
         297    0.674353    0.781851   0.0190252
         298    0.675248    0.781494   0.0189647
         299    0.676201    0.781142   0.0189045
         300    0.677212    0.780795   0.0188447
         301    0.678278    0.780454   0.0187852
         302    0.679398     0.78012    0.018726
         303     0.68057    0.779791    0.018667
         304    0.681794    0.779469   0.0186084
         305    0.683067    0.779153   0.0185501
         306    0.684388    0.778843    0.018492
         307    0.685755     0.77854   0.0184343
         308    0.687166    0.778243   0.0183768
         309    0.688619    0.777953   0.0183197
         310    0.690112     0.77767   0.0182627
         311    0.691642    0.777393   0.0182061
         312    0.693209    0.777123   0.0181498
         313    0.694811     0.77686   0.0180937
         314    0.696446    0.776604   0.0180379
         315    0.698111    0.776355   0.0179823
         316    0.699804    0.776113   0.0179271
         317    0.701522    0.775878    0.017872
         318    0.703263    0.775649   0.0178173
         319    0.705024    0.775428   0.0177628
         320    0.706804    0.775213   0.0177086
         321    0.708601    0.775006   0.0176547
         322    0.710411    0.774805    0.017601
         323    0.712232    0.774612   0.0175475
         324    0.714062    0.774425   0.0174944
         325    0.715898    0.774245   0.0174415
         326    0.717739    0.774071   0.0173888
         327     0.71958    0.773905   0.0173365
         328    0.721421    0.773745   0.0172843
         329    0.723258    0.773591   0.0172325
         330    0.725089    0.773444   0.0171809
         331    0.726912    0.773304   0.0171296
         332    0.728723    0.773169   0.0170785
         333    0.730521    0.773041   0.0170277
         334    0.732303    0.772919   0.0169771
         335    0.734066    0.772803   0.0169269
         336    0.735808    0.772693   0.0168768
         337    0.737526    0.772589   0.0168271
         338    0.739216     0.77249   0.0167776
         339    0.740876    0.772397   0.0167284
         340    0.742504    0.772309   0.0166794
         341    0.744098    0.772226   0.0166307
         342    0.745655    0.772149   0.0165822
         343    0.747172    0.772076   0.0165341
         344    0.748649    0.772008   0.0164861
         345    0.750083    0.771944   0.0164385
         346    0.751471    0.771885   0.0163911
         347    0.752811     0.77183   0.0163439
         348      0.7541    0.771779    0.016297
         349    0.755338    0.771732   0.0162504
         350    0.756522    0.771688    0.016204
         351     0.75765    0.771648   0.0161579
         352    0.758722    0.771612   0.0161121
         353    0.759737    0.771578   0.0160664
         354    0.760693    0.771547   0.0160211
         355    0.761591    0.771519    0.015976
         356    0.762429    0.771494   0.0159311
         357    0.763207    0.771471   0.0158865
         358    0.763923    0.771449   0.0158422
         359    0.764579     0.77143    0.015798
         360    0.765174    0.771413   0.0157542
         361     0.76571    0.771397   0.0157105
         362    0.766186    0.771383   0.0156671
         363    0.766605     0.77137    0.015624
         364    0.766968    0.771357   0.0155811
         365    0.767276    0.771346   0.0155384
         366    0.767531    0.771336   0.0154959
         367    0.767733    0.771326   0.0154537
         368    0.767886    0.771317   0.0154117
         369    0.767992    0.771308     0.01537
         370    0.768054    0.771299   0.0153284
         371    0.768076     0.77129   0.0152871
         372    0.768059    0.771282    0.015246
         373    0.768008    0.771273   0.0152051
         374    0.767927    0.771264   0.0151645
         375    0.767818    0.771255   0.0151241
         376    0.767686    0.771245   0.0150838
         377    0.767535    0.771235   0.0150438
         378    0.767371    0.771225    0.015004
         379    0.767196    0.771214   0.0149644
         380    0.767015    0.771203   0.0149251
         381    0.766834    0.771192   0.0148859
         382    0.766656     0.77118   0.0148469
         383    0.766487    0.771168   0.0148082
         384     0.76633    0.771155   0.0147696
         385    0.766191    0.771142   0.0147313
         386    0.766075    0.771129   0.0146931
         387    0.765987    0.771116   0.0146551
         388     0.76593    0.771103   0.0146174
         389    0.765909    0.771089   0.0145798
         390    0.765928    0.771076   0.0145424
         391    0.765992    0.771063   0.0145052
         392    0.766103     0.77105   0.0144682
         393    0.766266    0.771038   0.0144314
         394    0.766484    0.771027   0.0143948
         395    0.766761    0.771016   0.0143584
         396    0.767098    0.771006   0.0143221
         397    0.767497    0.770997    0.014286
         398    0.767961    0.770989   0.0142502
         399     0.76849    0.770983   0.0142144
         400    0.769087    0.770978   0.0141789
         401    0.769753    0.770975   0.0141435
         402    0.770488    0.770974   0.0141084
         403    0.771293    0.770975   0.0140734
         404    0.772167    0.770978   0.0140385
         405    0.773107    0.770983   0.0140039
         406    0.774114    0.770991   0.0139694
         407    0.775187    0.771001   0.0139351
         408    0.776323    0.771014   0.0139009
         409    0.777522     0.77103   0.0138669
         410     0.77878    0.771049   0.0138331
         411    0.780094    0.771071   0.0137995
         412    0.781463    0.771096    0.013766
         413    0.782881    0.771125   0.0137327
         414    0.784347    0.771157   0.0136996
         415    0.785855    0.771192   0.0136666
         416    0.787405    0.771231   0.0136338
         417    0.788992    0.771274   0.0136012
         418    0.790612     0.77132   0.0135687
         419    0.792261     0.77137   0.0135364
         420    0.793935    0.771424   0.0135043
         421     0.79563    0.771481   0.0134724
         422    0.797342    0.771542   0.0134406
         423    0.799067    0.771607   0.0134089
         424      0.8008    0.771676   0.0133775
         425     0.80254    0.771749   0.0133462
         426    0.804283    0.771825   0.0133151
         427    0.806023    0.771905   0.0132842
         428    0.807759    0.771989   0.0132534
         429    0.809486    0.772077   0.0132228
         430    0.811202    0.772168   0.0131924
         431    0.812903    0.772262   0.0131621
         432    0.814587     0.77236    0.013132
         433    0.816249    0.772461    0.013102
         434    0.817889    0.772566   0.0130723
         435    0.819504    0.772674   0.0130427
         436    0.821092    0.772785   0.0130132
         437    0.822651    0.772899   0.0129839
         438    0.824179    0.773016   0.0129548
         439    0.825672    0.773136   0.0129259
         440     0.82713    0.773259   0.0128971
         441    0.828552    0.773384   0.0128684
         442    0.829935    0.773512     0.01284
         443    0.831279    0.773643   0.0128116
         444    0.832581    0.773775   0.0127835
         445    0.833841     0.77391   0.0127555
         446    0.835059    0.774047   0.0127276
         447    0.836233    0.774187   0.0126999
         448    0.837364    0.774328   0.0126723
         449     0.83845     0.77447   0.0126449
         450    0.839491    0.774615   0.0126176
         451    0.840485    0.774761   0.0125905
         452    0.841433    0.774908   0.0125635
         453    0.842333    0.775057   0.0125367
         454    0.843185    0.775207   0.0125099
         455     0.84399    0.775359   0.0124834
         456    0.844746    0.775511   0.0124569
         457    0.845455    0.775664   0.0124306
         458    0.846116    0.775818   0.0124044
         459    0.846728    0.775972   0.0123783
         460     0.84729    0.776127   0.0123524
         461    0.847805    0.776283   0.0123266
         462    0.848271    0.776438   0.0123009
         463    0.848688    0.776594   0.0122753
         464    0.849058    0.776751   0.0122498
         465    0.849379    0.776907   0.0122245
         466     0.84965    0.777063   0.0121993
         467    0.849873    0.777219   0.0121741
         468    0.850046    0.777374   0.0121491
         469    0.850172     0.77753   0.0121242
         470    0.850249    0.777684   0.0120994
         471    0.850278    0.777838   0.0120747
         472    0.850258    0.777992   0.0120501
         473    0.850191    0.778145   0.0120256
         474    0.850077    0.778296   0.0120012
         475    0.849915    0.778447   0.0119768
         476    0.849708    0.778597   0.0119526
         477    0.849454    0.778745   0.0119285
         478    0.849154    0.778893   0.0119044
         479    0.848807    0.779039   0.0118805
         480    0.848415    0.779183   0.0118566
         481    0.847978    0.779326   0.0118328
         482    0.847497    0.779468   0.0118091
         483    0.846973    0.779607   0.0117855
         484    0.846406    0.779745   0.0117619
         485    0.845796    0.779882   0.0117385
         486    0.845145    0.780016   0.0117151
         487    0.844454    0.780148   0.0116918
         488    0.843725    0.780278   0.0116686
         489    0.842958    0.780407   0.0116454
         490    0.842154    0.780533   0.0116223
         491    0.841314    0.780656   0.0115993
         492    0.840442    0.780778   0.0115764
         493    0.839538    0.780897   0.0115535
         494    0.838604    0.781014   0.0115307
         495    0.837643    0.781128    0.011508
         496    0.836655     0.78124   0.0114853
         497    0.835644     0.78135   0.0114627
         498     0.83461    0.781457   0.0114402
         499    0.833558    0.781561   0.0114178
         500    0.832488    0.781663   0.0113954
         501    0.831402    0.781762   0.0113731
         502    0.830305    0.781859   0.0113508
         503    0.829197    0.781953   0.0113286
         504    0.828081    0.782045   0.0113065
         505     0.82696    0.782134   0.0112845
         506    0.825838     0.78222   0.0112625
         507    0.824717    0.782304   0.0112406
         508    0.823602    0.782385   0.0112188
         509    0.822494    0.782464    0.011197
         510    0.821396     0.78254   0.0111753
         511    0.820311    0.782614   0.0111537
         512    0.819242    0.782686   0.0111322
         513    0.818192    0.782755   0.0111107
         514    0.817165    0.782822   0.0110893
         515    0.816163    0.782887   0.0110679
         516     0.81519    0.782949   0.0110466
         517    0.814248     0.78301   0.0110254
         518     0.81334    0.783068   0.0110043
         519    0.812471    0.783125   0.0109833
         520    0.811642     0.78318   0.0109623
         521    0.810855    0.783233   0.0109414
         522    0.810114    0.783284   0.0109205
         523    0.809421    0.783334   0.0108997
         524    0.808779    0.783383   0.0108791
         525    0.808188     0.78343   0.0108584
         526    0.807653    0.783476   0.0108379
         527    0.807174    0.783521   0.0108174
         528    0.806754    0.783565    0.010797
         529    0.806396    0.783608   0.0107767
         530      0.8061    0.783651   0.0107564
         531    0.805869    0.783693   0.0107363
         532    0.805702    0.783734   0.0107162
         533    0.805602    0.783775   0.0106961
         534     0.80557    0.783816   0.0106762
         535    0.805606    0.783857   0.0106563
         536    0.805711    0.783897   0.0106365
         537    0.805885    0.783938   0.0106168
         538     0.80613    0.783979   0.0105971
         539    0.806446    0.784021   0.0105775
         540    0.806831    0.784063    0.010558
         541    0.807286    0.784106   0.0105386
         542     0.80781     0.78415   0.0105193
         543    0.808403    0.784195      0.0105
         544    0.809065     0.78424   0.0104808
         545    0.809793    0.784287   0.0104617
         546    0.810588    0.784335   0.0104426
         547    0.811448    0.784385   0.0104236
         548    0.812372    0.784436   0.0104047
         549    0.813358    0.784489   0.0103859
         550    0.814404    0.784543   0.0103672
         551    0.815507    0.784599   0.0103485
         552    0.816668    0.784657   0.0103299
         553    0.817884    0.784718   0.0103114
         554    0.819153     0.78478    0.010293
         555    0.820473    0.784844   0.0102747
         556    0.821841    0.784911   0.0102564
         557    0.823255    0.784979   0.0102382
         558    0.824711    0.785051   0.0102201
         559    0.826208    0.785124   0.0102021
         560    0.827744      0.7852   0.0101842
         561    0.829314    0.785279   0.0101663
         562    0.830918     0.78536   0.0101485
         563     0.83255    0.785444   0.0101309
         564     0.83421     0.78553   0.0101133
         565    0.835895     0.78562   0.0100958
         566    0.837601    0.785711   0.0100783
         567    0.839326    0.785806    0.010061
         568    0.841067    0.785903   0.0100438
         569    0.842823    0.786003   0.0100266
         570     0.84459    0.786106   0.0100096
         571    0.846365    0.786212  0.00999258
         572    0.848147     0.78632   0.0099757
         573    0.849931    0.786431   0.0099589
         574    0.851717    0.786545   0.0099422
         575    0.853502    0.786661   0.0099256
         576    0.855284     0.78678  0.00990908
         577    0.857059    0.786902  0.00989265
         578    0.858825    0.787027  0.00987632
         579    0.860582    0.787154  0.00986008
         580    0.862327    0.787283  0.00984393
         581    0.864058    0.787415  0.00982788
         582    0.865774     0.78755  0.00981191
         583    0.867473    0.787687  0.00979604
         584    0.869155    0.787827  0.00978026
         585    0.870815    0.787968  0.00976457
         586    0.872452    0.788113  0.00974897
         587    0.874064    0.788259  0.00973346
         588    0.875652    0.788408  0.00971804
         589    0.877214    0.788558  0.00970271
         590    0.878748    0.788711  0.00968747
         591    0.880254    0.788866  0.00967232
         592    0.881732    0.789023  0.00965725
         593    0.883179    0.789182  0.00964227
         594    0.884596    0.789342  0.00962738
         595     0.88598    0.789505  0.00961257
         596    0.887333    0.789669  0.00959784
         597    0.888652    0.789835  0.00958319
         598    0.889937    0.790002  0.00956863
         599    0.891188    0.790171  0.00955415
         600    0.892404    0.790341  0.00953974
         601    0.893585    0.790513  0.00952542
         602    0.894731    0.790686  0.00951117
         603    0.895843    0.790861  0.00949699
         604     0.89692    0.791036  0.00948289
         605    0.897962    0.791213  0.00946886
         606    0.898967    0.791391  0.00945491
         607    0.899938     0.79157  0.00944102
         608    0.900874     0.79175  0.00942721
         609    0.901775     0.79193  0.00941346
         610    0.902643    0.792112  0.00939978
         611    0.903477    0.792294  0.00938616
         612    0.904276    0.792477   0.0093726
         613     0.90504    0.792661  0.00935911
         614    0.905769    0.792845  0.00934568
         615    0.906465     0.79303  0.00933231
         616    0.907126    0.793215    0.009319
         617    0.907753      0.7934  0.00930575
         618    0.908349    0.793586  0.00929255
         619     0.90891    0.793773   0.0092794
         620    0.909439    0.793959  0.00926631
         621    0.909936    0.794146  0.00925327
         622      0.9104    0.794333  0.00924028
         623     0.91083     0.79452  0.00922734
         624    0.911226    0.794707  0.00921445
         625     0.91159    0.794894   0.0092016
         626     0.91192    0.795081   0.0091888
         627    0.912217    0.795268  0.00917605
         628    0.912482    0.795454  0.00916333
         629    0.912714    0.795641  0.00915066
         630    0.912913    0.795827  0.00913803
         631    0.913079    0.796013  0.00912544
         632    0.913212    0.796198  0.00911288
         633    0.913313    0.796383  0.00910036
         634     0.91338    0.796568  0.00908788
         635    0.913415    0.796752  0.00907543
         636    0.913416    0.796935  0.00906302
         637    0.913385    0.797118  0.00905063
         638    0.913321      0.7973  0.00903828
         639    0.913222    0.797482  0.00902595
         640    0.913091    0.797662  0.00901366
         641    0.912927    0.797842  0.00900139
         642    0.912729    0.798021  0.00898915
         643    0.912498    0.798199  0.00897693
         644    0.912234    0.798376  0.00896474
         645    0.911934    0.798552  0.00895257
         646    0.911599    0.798727  0.00894042
         647     0.91123    0.798901  0.00892829
         648    0.910827    0.799074  0.00891618
         649    0.910387    0.799245   0.0089041
         650    0.909912    0.799416  0.00889202
         651    0.909402    0.799584  0.00887997
         652    0.908855    0.799752  0.00886793
         653    0.908274    0.799918  0.00885591
         654    0.907657    0.800083   0.0088439
         655    0.907004    0.800246   0.0088319
         656    0.906315    0.800408  0.00881992
         657     0.90559    0.800568  0.00880795
         658    0.904828    0.800726  0.00879599
         659    0.904031    0.800883  0.00878404
         660    0.903198    0.801038   0.0087721
         661    0.902328    0.801191  0.00876016
         662    0.901423    0.801343  0.00874824
         663    0.900481    0.801492  0.00873632
         664    0.899502     0.80164  0.00872441
         665    0.898489    0.801786  0.00871251
         666     0.89744    0.801929  0.00870061
         667    0.896357    0.802071  0.00868872
         668     0.89524     0.80221  0.00867683
         669    0.894091    0.802348  0.00866495
         670    0.892908    0.802483  0.00865307
         671    0.891694    0.802616  0.00864119
         672    0.890449    0.802746  0.00862932
         673    0.889173    0.802875  0.00861746
         674    0.887867    0.803001  0.00860559
         675    0.886535    0.803125  0.00859373
         676    0.885177    0.803246  0.00858188
         677    0.883794    0.803365  0.00857003
         678    0.882388    0.803482  0.00855818
         679    0.880959    0.803596  0.00854634
         680    0.879509    0.803707   0.0085345
         681    0.878039    0.803817  0.00852266
         682     0.87655    0.803923  0.00851083
         683    0.875045    0.804027  0.00849901
         684    0.873525    0.804129  0.00848719
         685    0.871992    0.804228  0.00847538
         686    0.870449    0.804325  0.00846357
         687    0.868896    0.804419  0.00845178
         688    0.867337     0.80451  0.00843999
         689    0.865772    0.804599  0.00842821
         690    0.864205    0.804685  0.00841643
         691    0.862636    0.804769  0.00840467
         692    0.861069    0.804851  0.00839292
         693    0.859504    0.804929  0.00838118
         694    0.857943    0.805006  0.00836945
         695    0.856389     0.80508  0.00835773
         696    0.854843    0.805151  0.00834603
         697    0.853307     0.80522  0.00833434
         698    0.851783    0.805287  0.00832267
         699    0.850272    0.805351  0.00831101
         700    0.848777    0.805413  0.00829937
         701    0.847298    0.805473  0.00828775
         702    0.845838    0.805531  0.00827614
         703    0.844397    0.805586  0.00826455
         704    0.842975    0.805639  0.00825298
         705    0.841575     0.80569  0.00824143
         706    0.840197    0.805739  0.00822991
         707    0.838841    0.805786   0.0082184
         708     0.83751    0.805831  0.00820691
         709    0.836204    0.805873  0.00819545
         710    0.834923    0.805914  0.00818401
         711    0.833668    0.805953  0.00817259
         712    0.832438     0.80599   0.0081612
         713    0.831233    0.806026  0.00814983
         714    0.830054     0.80606  0.00813848
         715    0.828899    0.806091  0.00812716
         716    0.827768    0.806122  0.00811587
         717     0.82666     0.80615   0.0081046
         718    0.825576    0.806177  0.00809336
         719    0.824515    0.806203  0.00808214
         720    0.823476    0.806227  0.00807095
         721    0.822458    0.806249  0.00805979
         722     0.82146    0.806271  0.00804865
         723    0.820482     0.80629  0.00803755
         724    0.819521    0.806308  0.00802646
         725    0.818577    0.806325  0.00801541
         726    0.817649    0.806341  0.00800439
         727    0.816734    0.806355  0.00799339
         728    0.815832    0.806368  0.00798242
         729    0.814942     0.80638  0.00797148
         730     0.81406    0.806391  0.00796057
         731    0.813188      0.8064  0.00794968
         732    0.812321    0.806408  0.00793882
         733    0.811458    0.806415    0.007928
         734    0.810598    0.806421   0.0079172
         735    0.809739    0.806425  0.00790643
         736    0.808879    0.806428  0.00789569
         737    0.808017    0.806431  0.00788497
         738    0.807152    0.806432  0.00787429
         739    0.806282    0.806431  0.00786363
         740    0.805406     0.80643  0.00785301
         741    0.804524    0.806427  0.00784241
         742    0.803631    0.806424  0.00783184
         743    0.802728    0.806419   0.0078213
         744    0.801814    0.806412  0.00781079
         745    0.800886    0.806405  0.00780031
         746    0.799944    0.806396  0.00778986
         747    0.798987    0.806386  0.00777944
         748    0.798013    0.806375  0.00776905
         749    0.797023    0.806363  0.00775868
         750    0.796015    0.806349  0.00774835
         751    0.794989    0.806334  0.00773805
         752    0.793943    0.806317  0.00772778
         753    0.792878      0.8063  0.00771753
         754    0.791792     0.80628  0.00770732
         755    0.790686     0.80626  0.00769714
         756     0.78956    0.806238  0.00768699
         757    0.788412    0.806214  0.00767687
         758    0.787241    0.806189  0.00766679
         759    0.786051    0.806162  0.00765673
         760    0.784838    0.806134  0.00764671
         761    0.783605    0.806105  0.00763672
         762     0.78235    0.806074  0.00762676
         763    0.781074    0.806041  0.00761683
         764    0.779777    0.806006  0.00760694
         765     0.77846     0.80597  0.00759708
         766    0.777123    0.805933  0.00758726
         767    0.775766    0.805893  0.00757747
         768     0.77439    0.805852  0.00756771
         769    0.772996     0.80581  0.00755799
         770    0.771584    0.805765  0.00754831
         771    0.770155    0.805719  0.00753866
         772    0.768711    0.805671  0.00752905
         773    0.767253    0.805621  0.00751947
         774     0.76578     0.80557  0.00750993
         775    0.764296    0.805517  0.00750043
         776    0.762802    0.805462  0.00749097
         777    0.761297    0.805405  0.00748154
         778    0.759786    0.805346  0.00747215
         779    0.758269    0.805286  0.00746281
         780    0.756747    0.805224   0.0074535
         781    0.755221    0.805159  0.00744423
         782    0.753695    0.805094    0.007435
         783    0.752168    0.805026  0.00742581
         784    0.750643    0.804957  0.00741666
         785    0.749122    0.804886  0.00740756
         786    0.747606    0.804813  0.00739849
         787    0.746097    0.804738  0.00738947
         788    0.744595    0.804662  0.00738048
         789    0.743104    0.804584  0.00737154
         790    0.741625    0.804504  0.00736264
         791    0.740161    0.804423  0.00735378
         792    0.738714     0.80434  0.00734497
         793    0.737285    0.804255  0.00733619
         794    0.735876    0.804169  0.00732746
         795    0.734488    0.804081  0.00731876
         796    0.733123    0.803992  0.00731011
         797    0.731784    0.803902   0.0073015
         798    0.730472     0.80381  0.00729293
         799    0.729191    0.803716   0.0072844
         800    0.727941    0.803622  0.00727591
         801    0.726723    0.803526  0.00726746
         802    0.725541    0.803428  0.00725905
         803    0.724396     0.80333  0.00725068
         804    0.723288     0.80323  0.00724234
         805    0.722221     0.80313  0.00723405
         806    0.721195    0.803028  0.00722578
         807    0.720213    0.802925  0.00721756
         808    0.719275    0.802822  0.00720937
         809    0.718384    0.802718  0.00720121
         810    0.717542    0.802612  0.00719309
         811     0.71675    0.802507    0.007185
         812    0.716008      0.8024  0.00717694
         813     0.71532    0.802293  0.00716891
         814    0.714687    0.802185  0.00716091
         815    0.714109    0.802077  0.00715294
         816    0.713589    0.801969    0.007145
         817    0.713127     0.80186  0.00713708
         818    0.712723    0.801751  0.00712919
         819     0.71238    0.801642  0.00712132
         820    0.712098    0.801533  0.00711347
         821    0.711878    0.801424  0.00710564
         822     0.71172    0.801314  0.00709784
         823    0.711627    0.801205  0.00709005
         824    0.711598    0.801097  0.00708228
         825    0.711632    0.800988  0.00707453
         826    0.711731     0.80088  0.00706679
         827    0.711893    0.800773  0.00705906
         828    0.712121    0.800665  0.00705135
         829    0.712413    0.800559  0.00704364
         830    0.712771    0.800453  0.00703595
         831    0.713193    0.800348  0.00702827
         832     0.71368    0.800244  0.00702059
         833    0.714231    0.800141  0.00701292
         834    0.714847    0.800039  0.00700526
         835    0.715527    0.799937   0.0069976
         836    0.716269    0.799837  0.00698995
         837    0.717072    0.799738   0.0069823
         838    0.717937    0.799641  0.00697465
         839    0.718862    0.799544    0.006967
         840    0.719847     0.79945  0.00695935
         841    0.720888    0.799356   0.0069517
         842    0.721984    0.799264  0.00694405
         843    0.723134    0.799174   0.0069364
         844    0.724337    0.799085  0.00692875
         845    0.725589    0.798998   0.0069211
         846    0.726888    0.798913  0.00691344
         847    0.728233     0.79883  0.00690578
         848    0.729621    0.798748  0.00689812
         849    0.731051    0.798668  0.00689046
         850    0.732519     0.79859  0.00688279
         851    0.734025    0.798515  0.00687512
         852    0.735562    0.798441  0.00686745
         853     0.73713    0.798369  0.00685977
         854    0.738725    0.798299   0.0068521
         855    0.740346    0.798231  0.00684442
         856     0.74199    0.798166  0.00683674
         857    0.743654    0.798102  0.00682905
         858    0.745335     0.79804  0.00682137
         859    0.747029    0.797981  0.00681369
         860    0.748733    0.797924  0.00680601
         861    0.750444    0.797869  0.00679833
         862    0.752159    0.797816  0.00679065
         863    0.753875    0.797765  0.00678297
         864    0.755591    0.797716  0.00677529
         865    0.757302    0.797669  0.00676762
         866    0.759007    0.797625  0.00675995
         867    0.760703    0.797582  0.00675229
         868    0.762386    0.797541  0.00674463
         869    0.764055    0.797503  0.00673698
         870    0.765707    0.797466  0.00672934
         871    0.767339    0.797432   0.0067217
         872    0.768951    0.797399  0.00671407
         873     0.77054    0.797368  0.00670645
         874    0.772104    0.797339  0.00669884
         875    0.773642    0.797312  0.00669124
         876    0.775151    0.797287  0.00668365
         877    0.776631    0.797263  0.00667607
         878     0.77808    0.797242   0.0066685
         879    0.779495    0.797221  0.00666095
         880    0.780877    0.797203   0.0066534
         881    0.782223    0.797186  0.00664587
         882    0.783534     0.79717  0.00663836
         883    0.784807    0.797156  0.00663085
         884    0.786042    0.797144  0.00662336
         885    0.787237    0.797133  0.00661589
         886    0.788393    0.797123  0.00660843
         887     0.78951    0.797114  0.00660098
         888    0.790587    0.797107  0.00659355
         889    0.791622    0.797101  0.00658614
         890    0.792616    0.797096  0.00657874
         891    0.793567    0.797092  0.00657136
         892    0.794476    0.797089  0.00656399
         893    0.795344    0.797087  0.00655664
         894    0.796171    0.797086  0.00654931
         895    0.796955    0.797086  0.00654199
         896    0.797697    0.797086  0.00653469
         897    0.798396    0.797088  0.00652741
         898    0.799055     0.79709  0.00652014
         899    0.799672    0.797093  0.00651288
         900    0.800248    0.797096  0.00650565
         901    0.800783      0.7971  0.00649843
         902    0.801278    0.797105  0.00649123
         903    0.801733     0.79711  0.00648404
         904    0.802149    0.797116  0.00647687
         905    0.802525    0.797122  0.00646972
         906    0.802861    0.797128  0.00646258
         907    0.803159    0.797135  0.00645546
         908    0.803418    0.797142  0.00644835
         909     0.80364    0.797149  0.00644126
         910    0.803825    0.797156  0.00643419
         911    0.803975    0.797164  0.00642713
         912    0.804089    0.797171  0.00642009
         913    0.804168    0.797179  0.00641306
         914    0.804214    0.797186  0.00640605
         915    0.804226    0.797194  0.00639905
         916    0.804207    0.797202  0.00639207
         917    0.804157    0.797209   0.0063851
         918    0.804076    0.797217  0.00637815
         919    0.803966    0.797224  0.00637122
         920    0.803829    0.797231  0.00636429
         921    0.803664    0.797238  0.00635739
         922    0.803473    0.797245   0.0063505
         923    0.803256    0.797252  0.00634362
         924    0.803014    0.797258  0.00633676
         925    0.802749    0.797264  0.00632991
         926    0.802463    0.797269  0.00632308
         927    0.802156    0.797275  0.00631626
         928    0.801829     0.79728  0.00630945
         929    0.801484    0.797284  0.00630266
         930    0.801122    0.797288  0.00629589
         931    0.800743    0.797292  0.00628913
         932     0.80035    0.797295  0.00628238
         933    0.799943    0.797298  0.00627565
         934    0.799523    0.797301  0.00626893
         935    0.799091    0.797302  0.00626222
         936     0.79865    0.797304  0.00625553
         937    0.798198    0.797305  0.00624886
         938    0.797739    0.797305  0.00624219
         939    0.797275    0.797305  0.00623555
         940    0.796804    0.797305  0.00622891
         941    0.796329    0.797304  0.00622229
         942     0.79585    0.797302  0.00621569
         943    0.795369      0.7973   0.0062091
         944    0.794886    0.797298  0.00620252
         945    0.794403    0.797294  0.00619596
         946     0.79392    0.797291  0.00618941
         947    0.793438    0.797287  0.00618287
         948    0.792959    0.797282  0.00617635
         949    0.792482    0.797277  0.00616985
         950    0.792009    0.797272  0.00616336
         951    0.791541    0.797266  0.00615688
         952    0.791079    0.797259  0.00615041
         953    0.790622    0.797252  0.00614396
         954    0.790172    0.797245  0.00613753
         955    0.789729    0.797237  0.00613111
         956    0.789293    0.797229   0.0061247
         957    0.788863     0.79722  0.00611831
         958    0.788439    0.797211  0.00611193
         959    0.788023    0.797201  0.00610556
         960    0.787613    0.797191  0.00609921
         961    0.787211    0.797181  0.00609287
         962    0.786816     0.79717  0.00608655
         963    0.786429    0.797159  0.00608024
         964     0.78605    0.797147  0.00607394
         965    0.785678    0.797135  0.00606766
         966    0.785314    0.797123  0.00606139
         967    0.784957    0.797111  0.00605513
         968    0.784606    0.797098  0.00604889
         969    0.784263    0.797084  0.00604266
         970    0.783926    0.797071  0.00603645
         971    0.783595    0.797057  0.00603025
         972     0.78327    0.797043  0.00602406
         973    0.782952    0.797028  0.00601789
         974     0.78264    0.797014  0.00601173
         975    0.782333    0.796998  0.00600558
         976    0.782031    0.796983  0.00599945
         977    0.781733    0.796968  0.00599333
         978     0.78144    0.796952  0.00598722
         979    0.781151    0.796935  0.00598113
         980    0.780865    0.796919  0.00597504
         981    0.780583    0.796902  0.00596898
         982    0.780305    0.796886  0.00596292
         983    0.780031    0.796868  0.00595688
         984     0.77976    0.796851  0.00595085
         985    0.779491    0.796833  0.00594484
         986    0.779226    0.796816  0.00593884
         987    0.778965    0.796797  0.00593285
         988    0.778707    0.796779  0.00592687
         989    0.778453    0.796761  0.00592091
         990    0.778202    0.796742  0.00591495
         991    0.777956    0.796723  0.00590902
         992    0.777713    0.796704  0.00590309
         993    0.777474    0.796684  0.00589718
         994    0.777239    0.796665  0.00589128
         995    0.777008    0.796645  0.00588539
         996    0.776783    0.796625  0.00587951
         997    0.776563    0.796605  0.00587365
         998    0.776349    0.796585   0.0058678
         999    0.776142    0.796564  0.00586196
        1000    0.775941    0.796544  0.00585614
        1001    0.775748    0.796523  0.00585032
        1002    0.775563    0.796502  0.00584452
        1003    0.775387    0.796481  0.00583873
        1004    0.775219     0.79646  0.00583296
        1005    0.775061    0.796438  0.00582719
        1006    0.774913    0.796417  0.00582144
        1007    0.774776    0.796396   0.0058157
        1008     0.77465    0.796374  0.00580997
        1009    0.774538    0.796352  0.00580425
        1010    0.774439    0.796331  0.00579854
        1011    0.774354    0.796309  0.00579285
        1012    0.774284    0.796287  0.00578717
        1013    0.774231    0.796265  0.00578149
        1014    0.774195    0.796244  0.00577583
        1015    0.774175    0.796222  0.00577018
        1016    0.774175      0.7962  0.00576454
        1017    0.774193    0.796178  0.00575892
        1018    0.774232    0.796157   0.0057533
        1019    0.774292    0.796135  0.00574769
        1020    0.774377    0.796114   0.0057421
        1021    0.774485    0.796093  0.00573651
        1022    0.774617    0.796072  0.00573094
        1023    0.774774    0.796051  0.00572537
        1024    0.774956    0.796031  0.00571982
        1025    0.775164     0.79601  0.00571428
        1026    0.775399     0.79599  0.00570874
        1027    0.775661     0.79597  0.00570322
        1028    0.775953    0.795951   0.0056977
        1029    0.776274    0.795932   0.0056922
        1030    0.776625    0.795913   0.0056867
        1031    0.777005    0.795895  0.00568122
        1032    0.777413    0.795877  0.00567574
        1033    0.777851    0.795859  0.00567027
        1034    0.778318    0.795842  0.00566481
        1035    0.778813    0.795826  0.00565936
        1036    0.779337     0.79581  0.00565392
        1037    0.779889    0.795795  0.00564849
        1038    0.780468     0.79578  0.00564307
        1039    0.781074    0.795766  0.00563766
        1040    0.781706    0.795752  0.00563225
        1041    0.782364    0.795739  0.00562686
        1042    0.783047    0.795727  0.00562147
        1043    0.783753    0.795716  0.00561609
        1044     0.78448    0.795705  0.00561072
        1045    0.785227    0.795695  0.00560536
        1046    0.785993    0.795686  0.00560001
        1047    0.786776    0.795677  0.00559467
        1048    0.787576    0.795669  0.00558934
        1049    0.788389    0.795662  0.00558401
        1050    0.789214    0.795656   0.0055787
        1051    0.790049    0.795651  0.00557339
        1052    0.790891    0.795646   0.0055681
        1053     0.79174    0.795643  0.00556281
        1054    0.792593     0.79564  0.00555753
        1055    0.793447    0.795638  0.00555226
        1056    0.794301    0.795636  0.00554701
        1057    0.795153    0.795636  0.00554176
        1058    0.795998    0.795636  0.00553652
        1059    0.796835    0.795637  0.00553129
        1060    0.797663    0.795639  0.00552608
        1061    0.798479    0.795642  0.00552087
        1062    0.799281    0.795645  0.00551567
        1063    0.800066     0.79565  0.00551048
        1064    0.800831    0.795654  0.00550531
        1065    0.801576     0.79566  0.00550014
        1066    0.802299    0.795666  0.00549498
        1067    0.802997    0.795673  0.00548984
        1068    0.803668    0.795681   0.0054847
        1069     0.80431    0.795689  0.00547958
        1070    0.804921    0.795697  0.00547446
        1071    0.805498    0.795706  0.00546936
        1072    0.806041    0.795716  0.00546427
        1073    0.806548    0.795726  0.00545918
        1074    0.807017    0.795737  0.00545411
        1075    0.807448    0.795748  0.00544905
        1076    0.807838    0.795759    0.005444
        1077    0.808186     0.79577  0.00543895
        1078    0.808493    0.795782  0.00543392
        1079    0.808755    0.795794   0.0054289
        1080    0.808972    0.795806  0.00542388
        1081    0.809142    0.795819  0.00541888
        1082    0.809266    0.795831  0.00541389
        1083    0.809341    0.795844   0.0054089
        1084    0.809369    0.795856  0.00540393
        1085    0.809348    0.795869  0.00539896
        1086    0.809279    0.795881    0.005394
        1087    0.809161    0.795893  0.00538905
        1088    0.808992    0.795905  0.00538411
        1089    0.808773    0.795917  0.00537918
        1090    0.808504    0.795929  0.00537426
        1091    0.808184     0.79594  0.00536935
        1092    0.807815    0.795951  0.00536444
        1093    0.807395    0.795961  0.00535954
        1094    0.806925    0.795971  0.00535465
        1095    0.806405    0.795981  0.00534977
        1096    0.805835     0.79599   0.0053449
        1097    0.805216    0.795998  0.00534003
        1098    0.804549    0.796006  0.00533517
        1099    0.803835    0.796013  0.00533033
        1100    0.803076    0.796019  0.00532548
        1101    0.802272    0.796025  0.00532065
        1102    0.801423     0.79603  0.00531582
        1103     0.80053    0.796034  0.00531101
        1104    0.799595    0.796037   0.0053062
        1105    0.798619     0.79604  0.00530139
        1106    0.797602    0.796041   0.0052966
        1107    0.796546    0.796041  0.00529182
        1108    0.795453    0.796041  0.00528704
        1109    0.794325    0.796039  0.00528227
        1110    0.793163    0.796037  0.00527752
        1111    0.791969    0.796033  0.00527277
        1112    0.790744    0.796028  0.00526803
        1113    0.789491    0.796023   0.0052633
        1114    0.788211    0.796015  0.00525858
        1115    0.786908    0.796007  0.00525387
        1116    0.785584    0.795998  0.00524917
        1117     0.78424    0.795987  0.00524448
        1118    0.782879    0.795976   0.0052398
        1119    0.781502    0.795963  0.00523513
        1120    0.780112    0.795949  0.00523048
        1121    0.778712    0.795933  0.00522584
        1122    0.777304    0.795917   0.0052212
        1123     0.77589    0.795899  0.00521659
        1124    0.774473     0.79588  0.00521198
        1125    0.773056    0.795859  0.00520739
        1126    0.771642    0.795838  0.00520281
        1127    0.770233    0.795815  0.00519824
        1128    0.768832    0.795791  0.00519369
        1129    0.767444    0.795766  0.00518915
        1130     0.76607     0.79574  0.00518462
        1131    0.764713    0.795713  0.00518011
        1132    0.763376    0.795684  0.00517561
        1133    0.762062    0.795654  0.00517113
        1134    0.760774    0.795624  0.00516666
        1135    0.759514    0.795592  0.00516221
        1136    0.758286    0.795559  0.00515777
        1137    0.757092    0.795525  0.00515334
        1138    0.755937     0.79549  0.00514893
        1139    0.754821    0.795455  0.00514453
        1140    0.753749    0.795418  0.00514015
        1141    0.752723    0.795381  0.00513578
        1142    0.751745    0.795342  0.00513143
        1143    0.750817    0.795303  0.00512708
        1144    0.749942    0.795264  0.00512276
        1145    0.749122    0.795223  0.00511844
        1146    0.748359    0.795183  0.00511414
        1147    0.747657    0.795141  0.00510985
        1148    0.747016    0.795099  0.00510557
        1149    0.746439    0.795057   0.0051013
        1150    0.745928    0.795014  0.00509704
        1151    0.745486    0.794971   0.0050928
        1152    0.745114    0.794928  0.00508856
        1153    0.744812    0.794884  0.00508433
        1154    0.744583    0.794841  0.00508011
        1155    0.744427    0.794797   0.0050759
        1156    0.744347    0.794753   0.0050717
        1157    0.744342     0.79471   0.0050675
        1158    0.744413    0.794666  0.00506331
        1159    0.744561    0.794623  0.00505913
        1160    0.744786     0.79458  0.00505495
        1161    0.745089    0.794538  0.00505078
        1162    0.745469    0.794495   0.0050466
        1163    0.745927    0.794454  0.00504244
        1164    0.746463    0.794412  0.00503828
        1165    0.747078    0.794372  0.00503411
        1166     0.74777    0.794332  0.00502996
        1167    0.748538    0.794293   0.0050258
        1168    0.749382    0.794254  0.00502164
        1169      0.7503    0.794217  0.00501749
        1170    0.751293     0.79418  0.00501333
        1171    0.752359    0.794144  0.00500918
        1172    0.753497    0.794109  0.00500503
        1173    0.754705    0.794076  0.00500087
        1174    0.755982    0.794043  0.00499672
        1175    0.757326    0.794012  0.00499256
        1176    0.758736    0.793982  0.00498841
        1177    0.760209    0.793953  0.00498425
        1178    0.761743    0.793926  0.00498009
        1179    0.763337      0.7939  0.00497594
        1180    0.764987    0.793876  0.00497178
        1181    0.766691    0.793853  0.00496763
        1182    0.768446    0.793831  0.00496347
        1183    0.770249    0.793811  0.00495931
        1184    0.772099    0.793793  0.00495516
        1185    0.773992    0.793776  0.00495101
        1186    0.775927    0.793761  0.00494685
        1187    0.777899    0.793748   0.0049427
        1188    0.779906    0.793736  0.00493856
        1189    0.781946    0.793726  0.00493441
        1190    0.784015    0.793718  0.00493027
        1191    0.786112    0.793712  0.00492614
        1192    0.788232    0.793707  0.00492201
        1193    0.790372    0.793704  0.00491788
        1194    0.792529    0.793703  0.00491376
        1195    0.794699    0.793704  0.00490965
        1196    0.796879    0.793707  0.00490555
        1197    0.799067    0.793711  0.00490145
        1198    0.801259    0.793718  0.00489736
        1199    0.803452    0.793726  0.00489329
        1200    0.805644    0.793736  0.00488922
        1201    0.807831    0.793747  0.00488516
        1202     0.81001    0.793761  0.00488112
        1203    0.812179    0.793776  0.00487708
        1204    0.814334    0.793793  0.00487306
        1205    0.816473    0.793812  0.00486905
        1206    0.818592    0.793833  0.00486506
        1207    0.820689    0.793855  0.00486108
        1208    0.822761    0.793879  0.00485712
        1209    0.824806    0.793904  0.00485317
        1210    0.826822    0.793932  0.00484923
        1211    0.828804     0.79396  0.00484531
        1212     0.83075    0.793991  0.00484141
        1213    0.832658    0.794023  0.00483752
        1214    0.834526    0.794056  0.00483365
        1215     0.83635    0.794091   0.0048298
        1216     0.83813    0.794127  0.00482596
        1217    0.839863    0.794165  0.00482215
        1218    0.841547    0.794203  0.00481834
        1219     0.84318    0.794244  0.00481456
        1220    0.844761    0.794285  0.00481079
        1221    0.846287    0.794328  0.00480704
        1222    0.847758    0.794371   0.0048033
        1223    0.849171    0.794416  0.00479958
        1224    0.850527    0.794462  0.00479588
        1225    0.851822    0.794509   0.0047922
        1226    0.853057    0.794557  0.00478853
        1227    0.854229    0.794605  0.00478487
        1228    0.855339    0.794655  0.00478123
        1229    0.856384    0.794705   0.0047776
        1230    0.857366    0.794756  0.00477399
        1231    0.858285    0.794807  0.00477039
        1232     0.85914     0.79486   0.0047668
        1233    0.859933    0.794912  0.00476323
        1234    0.860662    0.794966  0.00475967
        1235    0.861326    0.795019  0.00475612
        1236    0.861925    0.795074  0.00475258
        1237    0.862461    0.795128  0.00474905
        1238    0.862934    0.795183  0.00474553
        1239    0.863346    0.795238  0.00474202
        1240    0.863697    0.795293  0.00473851
        1241    0.863987    0.795348  0.00473502
        1242    0.864218    0.795404  0.00473153
        1243    0.864391    0.795459  0.00472805
        1244    0.864508    0.795515  0.00472457
        1245    0.864571     0.79557  0.00472111
        1246    0.864581    0.795626  0.00471764
        1247     0.86454    0.795681  0.00471418
        1248    0.864451    0.795736  0.00471073
        1249    0.864315    0.795791  0.00470727
        1250    0.864134    0.795846  0.00470383
        1251    0.863911      0.7959  0.00470038
        1252    0.863649    0.795954  0.00469694
        1253    0.863351    0.796008   0.0046935
        1254    0.863019    0.796061  0.00469006
        1255    0.862655    0.796114  0.00468662
        1256    0.862263    0.796167  0.00468319
        1257    0.861844    0.796219  0.00467975
        1258    0.861401    0.796271  0.00467632
        1259    0.860936    0.796323  0.00467289
        1260    0.860454    0.796373  0.00466946
        1261    0.859956    0.796424  0.00466602
        1262    0.859446    0.796474  0.00466259
        1263    0.858927    0.796523  0.00465917
        1264    0.858403    0.796572  0.00465574
        1265    0.857876    0.796621  0.00465231
        1266    0.857349    0.796669  0.00464888
        1267    0.856825    0.796716  0.00464545
        1268    0.856306    0.796763  0.00464203
        1269    0.855795     0.79681   0.0046386
        1270    0.855295    0.796856  0.00463518
        1271    0.854808    0.796901  0.00463176
        1272    0.854337    0.796946  0.00462834
        1273    0.853883    0.796991  0.00462492
        1274    0.853448    0.797036   0.0046215
        1275    0.853036    0.797079  0.00461808
        1276    0.852648    0.797123  0.00461467
        1277    0.852286    0.797166  0.00461126
        1278    0.851954    0.797209  0.00460785
        1279    0.851653    0.797252  0.00460444
        1280    0.851383    0.797294  0.00460104
        1281    0.851148    0.797336  0.00459764
        1282    0.850949    0.797378  0.00459424
        1283    0.850787    0.797419  0.00459085
        1284    0.850664    0.797461  0.00458746
        1285     0.85058    0.797502  0.00458408
        1286    0.850536    0.797543   0.0045807
        1287    0.850534    0.797585  0.00457733
        1288    0.850573    0.797626  0.00457396
        1289    0.850654    0.797667  0.00457059
        1290    0.850778    0.797708  0.00456724
        1291    0.850945    0.797749  0.00456388
        1292    0.851155    0.797791  0.00456054
        1293    0.851409    0.797832   0.0045572
        1294    0.851707    0.797874  0.00455387
        1295    0.852047    0.797916  0.00455054
        1296     0.85243    0.797958  0.00454723
        1297    0.852854       0.798  0.00454392
        1298     0.85332    0.798043  0.00454062
        1299    0.853828    0.798086  0.00453732
        1300    0.854376    0.798129  0.00453404
        1301    0.854965    0.798173  0.00453077
        1302    0.855593    0.798217   0.0045275
        1303    0.856258    0.798261  0.00452425
        1304    0.856958    0.798306    0.004521
        1305    0.857691    0.798352  0.00451776
        1306    0.858456    0.798398  0.00451454
        1307     0.85925    0.798444  0.00451133
        1308    0.860072    0.798491  0.00450812
        1309    0.860919    0.798539  0.00450493
        1310     0.86179    0.798587  0.00450175
        1311    0.862682    0.798636  0.00449858
        1312    0.863595    0.798686  0.00449543
        1313    0.864523    0.798736  0.00449228
        1314    0.865466    0.798787  0.00448915
        1315    0.866419    0.798838  0.00448603
        1316    0.867381     0.79889  0.00448292
        1317    0.868349    0.798943  0.00447983
        1318    0.869319    0.798996  0.00447675
        1319     0.87029     0.79905  0.00447368
        1320    0.871259    0.799105  0.00447063
        1321    0.872223     0.79916  0.00446759
        1322    0.873181    0.799216  0.00446456
        1323    0.874128    0.799273  0.00446154
        1324    0.875061     0.79933  0.00445854
        1325    0.875979    0.799388  0.00445555
        1326    0.876878    0.799447  0.00445257
        1327    0.877755    0.799506  0.00444961
        1328    0.878608    0.799565  0.00444666
        1329    0.879435    0.799625  0.00444372
        1330    0.880234    0.799686  0.00444079
        1331    0.881001    0.799747  0.00443787
        1332    0.881735    0.799809  0.00443497
        1333    0.882433     0.79987  0.00443207
        1334    0.883092    0.799933  0.00442919
        1335    0.883712    0.799996  0.00442632
        1336    0.884289    0.800059  0.00442345
        1337    0.884823    0.800122   0.0044206
        1338    0.885312    0.800186  0.00441775
        1339    0.885753     0.80025  0.00441492
        1340    0.886144    0.800314  0.00441209
        1341    0.886485    0.800378  0.00440927
        1342    0.886773    0.800442  0.00440645
        1343    0.887008    0.800507  0.00440364
        1344    0.887189    0.800571  0.00440084
        1345    0.887315    0.800636  0.00439804
        1346    0.887383      0.8007  0.00439524
        1347    0.887394    0.800765  0.00439245
        1348    0.887346    0.800829  0.00438966
        1349     0.88724    0.800893  0.00438687
        1350    0.887073    0.800957  0.00438409
        1351    0.886846     0.80102   0.0043813
        1352     0.88656    0.801084  0.00437852
        1353    0.886212    0.801147  0.00437574
        1354    0.885804    0.801209  0.00437295
        1355    0.885334    0.801271  0.00437017
        1356    0.884802    0.801333  0.00436738
        1357    0.884208    0.801394  0.00436459
        1358    0.883552    0.801454  0.00436179
        1359    0.882835    0.801514  0.00435899
        1360    0.882056    0.801573  0.00435619
        1361    0.881217    0.801632  0.00435338
        1362    0.880317     0.80169  0.00435057
        1363    0.879357    0.801747  0.00434775
        1364    0.878341    0.801803  0.00434492
        1365    0.877267    0.801858  0.00434209
        1366    0.876135    0.801913  0.00433926
        1367    0.874946    0.801966  0.00433641
        1368      0.8737    0.802018  0.00433356
        1369      0.8724     0.80207   0.0043307
        1370    0.871048     0.80212  0.00432783
        1371    0.869643    0.802169  0.00432495
        1372    0.868185    0.802218  0.00432207
        1373    0.866677    0.802264  0.00431917
        1374     0.86512     0.80231  0.00431627
        1375    0.863514    0.802355  0.00431336
        1376     0.86186    0.802398  0.00431045
        1377    0.860159     0.80244  0.00430752
        1378    0.858414    0.802481  0.00430458
        1379    0.856625     0.80252  0.00430164
        1380    0.854794    0.802558  0.00429869
        1381    0.852923    0.802594  0.00429573
        1382    0.851012    0.802629  0.00429277
        1383    0.849061    0.802663   0.0042898
        1384    0.847075    0.802695  0.00428682
        1385    0.845056    0.802725  0.00428383
        1386    0.843003    0.802755  0.00428084
        1387     0.84092    0.802782  0.00427784
        1388    0.838807    0.802808  0.00427484
        1389    0.836664    0.802832  0.00427183
        1390    0.834495    0.802855  0.00426882
        1391    0.832301    0.802876   0.0042658
        1392    0.830082    0.802896  0.00426278
        1393    0.827841    0.802914  0.00425976
        1394    0.825579     0.80293  0.00425673
        1395    0.823297    0.802945  0.00425371
        1396    0.820998    0.802958  0.00425068
        1397    0.818682    0.802969  0.00424765
        1398    0.816352    0.802978  0.00424462
        1399     0.81401    0.802986   0.0042416
        1400    0.811656    0.802992  0.00423857
        1401    0.809293    0.802997  0.00423555
        1402    0.806922       0.803  0.00423253
        1403    0.804544    0.803001  0.00422951
        1404    0.802162       0.803   0.0042265
        1405    0.799777    0.802998  0.00422349
        1406    0.797389    0.802994  0.00422049
        1407    0.795001    0.802988  0.00421749
        1408    0.792614    0.802981   0.0042145
        1409    0.790229    0.802972  0.00421152
        1410    0.787849    0.802961  0.00420855
        1411    0.785474    0.802949  0.00420559
        1412    0.783107    0.802935  0.00420263
        1413    0.780748    0.802919  0.00419969
        1414    0.778399    0.802902  0.00419675
        1415    0.776063    0.802883  0.00419383
        1416     0.77374    0.802862  0.00419092
        1417    0.771431     0.80284  0.00418802
        1418    0.769139    0.802816  0.00418513
        1419    0.766866    0.802791  0.00418226
        1420    0.764613    0.802764   0.0041794
        1421     0.76238    0.802736  0.00417656
        1422    0.760172    0.802706  0.00417373
        1423    0.757988    0.802674  0.00417091
        1424    0.755829    0.802641  0.00416811
        1425    0.753699    0.802607  0.00416533
        1426    0.751598    0.802571  0.00416256
        1427    0.749527    0.802534  0.00415981
        1428    0.747488    0.802495  0.00415708
        1429    0.745483    0.802456  0.00415436
        1430    0.743512    0.802414  0.00415166
        1431    0.741577    0.802372  0.00414897
        1432    0.739681    0.802328  0.00414631
        1433    0.737824    0.802283  0.00414366
        1434    0.736008    0.802237  0.00414103
        1435    0.734234    0.802189  0.00413841
        1436    0.732503    0.802141  0.00413581
        1437    0.730818    0.802091  0.00413323
        1438     0.72918    0.802041  0.00413067
        1439    0.727592    0.801989  0.00412812
        1440    0.726052    0.801936  0.00412559
        1441    0.724564    0.801882  0.00412308
        1442    0.723127    0.801828  0.00412058
        1443    0.721743    0.801772   0.0041181
        1444    0.720412    0.801716  0.00411564
        1445    0.719137    0.801659  0.00411318
        1446    0.717919    0.801601  0.00411075
        1447     0.71676    0.801542  0.00410832
        1448    0.715659    0.801483  0.00410591
        1449    0.714618    0.801423  0.00410352
        1450    0.713638    0.801362  0.00410114
        1451     0.71272    0.801301  0.00409876
        1452    0.711864     0.80124   0.0040964
        1453    0.711072    0.801178  0.00409405
        1454    0.710343    0.801115  0.00409172
        1455    0.709678    0.801052  0.00408939
        1456    0.709078    0.800989  0.00408707
        1457    0.708543    0.800926  0.00408475
        1458    0.708073    0.800862  0.00408245
        1459    0.707668    0.800798  0.00408015
        1460     0.70733    0.800734  0.00407786
        1461    0.707058     0.80067  0.00407557
        1462    0.706851    0.800606  0.00407329
        1463     0.70671    0.800542  0.00407101
        1464    0.706634    0.800478  0.00406873
        1465    0.706624    0.800413  0.00406646
        1466    0.706678     0.80035  0.00406419
        1467    0.706797    0.800286  0.00406192
        1468     0.70698    0.800222  0.00405965
        1469    0.707226    0.800159  0.00405738
        1470    0.707535    0.800096  0.00405511
        1471    0.707906    0.800033  0.00405284
        1472    0.708337    0.799971  0.00405056
        1473    0.708829    0.799909  0.00404828
        1474     0.70938    0.799848    0.004046
        1475    0.709988    0.799787  0.00404372
        1476    0.710654    0.799726  0.00404143
        1477    0.711377    0.799667  0.00403914
        1478    0.712156    0.799607  0.00403684
        1479    0.712988    0.799549  0.00403453
        1480    0.713874    0.799491  0.00403222
        1481    0.714811    0.799434   0.0040299
        1482    0.715798    0.799377  0.00402758
        1483    0.716833    0.799322  0.00402525
        1484    0.717916    0.799267  0.00402291
        1485    0.719043    0.799213  0.00402056
        1486    0.720216     0.79916  0.00401821
        1487    0.721431    0.799107  0.00401585
        1488    0.722688    0.799056  0.00401348
        1489    0.723985    0.799005   0.0040111
        1490     0.72532    0.798956  0.00400871
        1491    0.726692    0.798908  0.00400632
        1492      0.7281     0.79886  0.00400391
        1493    0.729542    0.798814   0.0040015
        1494    0.731016    0.798768  0.00399908
        1495    0.732522    0.798724  0.00399665
        1496     0.73406    0.798681  0.00399421
        1497    0.735627    0.798639  0.00399176
        1498    0.737221    0.798598  0.00398931
        1499    0.738842    0.798558  0.00398685
        1500    0.740489    0.798519  0.00398438
        1501    0.742159    0.798482   0.0039819
        1502    0.743852    0.798445  0.00397942
        1503    0.745567     0.79841  0.00397692
        1504    0.747302    0.798376  0.00397442
        1505    0.749056    0.798343  0.00397192
        1506    0.750829    0.798312  0.00396941
        1507    0.752618    0.798281  0.00396689
        1508    0.754425    0.798252  0.00396436
        1509    0.756245    0.798224  0.00396184
        1510     0.75808    0.798198   0.0039593
        1511    0.759927    0.798173  0.00395676
        1512    0.761786    0.798148  0.00395422
        1513    0.763656    0.798126  0.00395167
        1514    0.765536    0.798104  0.00394912
        1515    0.767425    0.798084  0.00394656
        1516    0.769321    0.798065  0.00394401
        1517    0.771222    0.798047  0.00394145
        1518    0.773128    0.798031  0.00393888
        1519    0.775037    0.798016  0.00393632
        1520    0.776948    0.798002  0.00393375
        1521     0.77886    0.797989  0.00393119
        1522    0.780772    0.797978  0.00392862
        1523    0.782683    0.797968  0.00392606
        1524     0.78459    0.797959  0.00392349
        1525    0.786494    0.797952  0.00392092
        1526    0.788393    0.797945  0.00391836
        1527    0.790284     0.79794   0.0039158
        1528    0.792167    0.797937  0.00391324
        1529     0.79404    0.797934  0.00391068
        1530    0.795901    0.797933  0.00390812
        1531    0.797749    0.797933  0.00390557
        1532    0.799582    0.797934  0.00390302
        1533    0.801397    0.797936  0.00390047
        1534    0.803194    0.797939  0.00389793
        1535    0.804972    0.797944   0.0038954
        1536    0.806729     0.79795  0.00389286
        1537    0.808462    0.797956  0.00389034
        1538    0.810172    0.797964  0.00388782
        1539    0.811855    0.797973   0.0038853
        1540     0.81351    0.797983  0.00388279
        1541    0.815136    0.797995  0.00388029
        1542     0.81673    0.798007  0.00387779
        1543    0.818291     0.79802   0.0038753
        1544    0.819819    0.798034  0.00387281
        1545    0.821312    0.798049  0.00387034
        1546    0.822768    0.798065  0.00386787
        1547    0.824186    0.798082   0.0038654
        1548    0.825564      0.7981  0.00386295
        1549    0.826903    0.798118   0.0038605
        1550      0.8282    0.798138  0.00385806
        1551    0.829453    0.798158  0.00385562
        1552    0.830661    0.798179  0.00385319
        1553    0.831824    0.798201  0.00385077
        1554    0.832941    0.798223  0.00384836
        1555    0.834011    0.798246  0.00384595
        1556    0.835033     0.79827  0.00384356
        1557    0.836006    0.798294  0.00384116
        1558    0.836929    0.798319  0.00383878
        1559      0.8378    0.798344   0.0038364
        1560    0.838618     0.79837  0.00383403
        1561    0.839384    0.798396  0.00383166
        1562    0.840097    0.798423   0.0038293
        1563    0.840756     0.79845  0.00382695
        1564    0.841361    0.798477   0.0038246
        1565    0.841911    0.798505  0.00382225
        1566    0.842405    0.798533  0.00381992
        1567    0.842845    0.798561  0.00381758
        1568     0.84323     0.79859  0.00381526
        1569    0.843559    0.798618  0.00381293
        1570    0.843832    0.798647  0.00381061
        1571     0.84405    0.798676   0.0038083
        1572    0.844211    0.798705  0.00380598
        1573    0.844316    0.798734  0.00380367
        1574    0.844366    0.798763  0.00380137
        1575    0.844361    0.798792  0.00379906
        1576    0.844302    0.798821  0.00379676
        1577    0.844189     0.79885  0.00379446
        1578    0.844024    0.798878  0.00379217
        1579    0.843804    0.798907  0.00378987
        1580    0.843532    0.798935  0.00378758
        1581    0.843207    0.798963  0.00378529
        1582     0.84283    0.798991    0.003783
        1583    0.842403    0.799018  0.00378071
        1584    0.841925    0.799045  0.00377842
        1585    0.841398    0.799072  0.00377613
        1586    0.840824    0.799098  0.00377384
        1587    0.840203    0.799124  0.00377155
        1588    0.839536     0.79915  0.00376926
        1589    0.838824    0.799175  0.00376697
        1590    0.838068    0.799199  0.00376468
        1591    0.837269    0.799223  0.00376239
        1592    0.836429    0.799246   0.0037601
        1593    0.835548    0.799269  0.00375781
        1594     0.83463    0.799291  0.00375552
        1595    0.833674    0.799313  0.00375322
        1596    0.832684    0.799334  0.00375093
        1597    0.831659    0.799354  0.00374864
        1598    0.830602    0.799374  0.00374634
        1599    0.829513    0.799392  0.00374405
        1600    0.828393    0.799411  0.00374175
        1601    0.827245    0.799428  0.00373945
        1602    0.826071    0.799445  0.00373716
        1603     0.82487     0.79946  0.00373486
        1604    0.823646    0.799476  0.00373256
        1605      0.8224     0.79949  0.00373026
        1606    0.821133    0.799503  0.00372796
        1607    0.819848    0.799516  0.00372566
        1608    0.818547    0.799528  0.00372337
        1609    0.817231    0.799539  0.00372107
        1610    0.815902    0.799549  0.00371877
        1611    0.814563    0.799558  0.00371647
        1612    0.813215    0.799567  0.00371418
        1613    0.811861    0.799574  0.00371188
        1614    0.810503    0.799581  0.00370959
        1615    0.809144    0.799587   0.0037073
        1616    0.807784    0.799592  0.00370501
        1617    0.806426    0.799596  0.00370272
        1618    0.805071      0.7996  0.00370043
        1619    0.803722    0.799602  0.00369815
        1620    0.802381    0.799604  0.00369586
        1621     0.80105    0.799605  0.00369358
        1622    0.799728    0.799605  0.00369131
        1623    0.798418    0.799604  0.00368903
        1624    0.797121    0.799603  0.00368676
        1625    0.795839      0.7996  0.00368449
        1626    0.794574    0.799597  0.00368223
        1627    0.793328    0.799593  0.00367997
        1628    0.792102    0.799589  0.00367771
        1629    0.790898    0.799583  0.00367546
        1630    0.789718    0.799577  0.00367321
        1631    0.788564    0.799571  0.00367096
        1632    0.787436    0.799563  0.00366872
        1633    0.786336    0.799555  0.00366648
        1634    0.785268    0.799546  0.00366425
        1635    0.784232    0.799537  0.00366202
        1636    0.783228    0.799527  0.00365979
        1637    0.782259    0.799517  0.00365757
        1638    0.781326    0.799505  0.00365536
        1639    0.780431    0.799494  0.00365315
        1640    0.779576    0.799482  0.00365094
        1641    0.778762    0.799469  0.00364874
        1642     0.77799    0.799456  0.00364654
        1643    0.777261    0.799442  0.00364434
        1644    0.776577    0.799429  0.00364215
        1645    0.775938    0.799414  0.00363997
        1646    0.775347      0.7994  0.00363778
        1647    0.774802    0.799385  0.00363561
        1648    0.774306    0.799369  0.00363343
        1649    0.773861    0.799354  0.00363126
        1650    0.773465    0.799338  0.00362909
        1651    0.773121    0.799322  0.00362693
        1652    0.772829    0.799306  0.00362477
        1653    0.772589     0.79929  0.00362261
        1654    0.772403    0.799274  0.00362046
        1655    0.772272    0.799258  0.00361831
        1656    0.772194    0.799241  0.00361616
        1657    0.772169    0.799225  0.00361402
        1658    0.772199    0.799209  0.00361187
        1659    0.772284    0.799192  0.00360973
        1660    0.772424    0.799176  0.00360759
        1661    0.772618     0.79916  0.00360546
        1662    0.772868    0.799144  0.00360332
        1663    0.773171    0.799129  0.00360119
        1664    0.773526    0.799113  0.00359906
        1665    0.773934    0.799098  0.00359693
        1666    0.774394    0.799084   0.0035948
        1667    0.774905    0.799069  0.00359267
        1668    0.775466    0.799055  0.00359055
        1669    0.776076    0.799041  0.00358842
        1670    0.776733    0.799028   0.0035863
        1671    0.777436    0.799015  0.00358418
        1672    0.778185    0.799002  0.00358205
        1673    0.778978     0.79899  0.00357993
        1674    0.779812    0.798979  0.00357781
        1675    0.780686    0.798968  0.00357569
        1676    0.781599    0.798958  0.00357357
        1677    0.782549    0.798948  0.00357146
        1678    0.783534    0.798939  0.00356934
        1679    0.784551     0.79893  0.00356722
        1680    0.785599    0.798922  0.00356511
        1681    0.786675    0.798915    0.003563
        1682    0.787776    0.798908  0.00356088
        1683    0.788901    0.798902  0.00355877
        1684    0.790046    0.798897  0.00355666
        1685    0.791209    0.798893  0.00355456
        1686    0.792389    0.798889  0.00355245
        1687    0.793583    0.798886  0.00355035
        1688    0.794789    0.798883  0.00354824
        1689    0.796003    0.798881  0.00354614
        1690    0.797224     0.79888  0.00354404
        1691    0.798448     0.79888  0.00354195
        1692    0.799673    0.798881  0.00353986
        1693    0.800899    0.798882  0.00353777
        1694     0.80212    0.798884  0.00353568
        1695    0.803336    0.798886  0.00353359
        1696    0.804545     0.79889  0.00353151
        1697    0.805744    0.798894  0.00352943
        1698    0.806932    0.798898  0.00352736
        1699    0.808105    0.798904  0.00352528
        1700    0.809262     0.79891  0.00352322
        1701    0.810401    0.798917  0.00352115
        1702     0.81152    0.798924  0.00351909
        1703    0.812616    0.798932  0.00351703
        1704    0.813689    0.798941  0.00351498
        1705    0.814736     0.79895  0.00351293
        1706    0.815756     0.79896  0.00351088
        1707    0.816748     0.79897  0.00350884
        1708    0.817712    0.798981  0.00350681
        1709    0.818644    0.798993  0.00350477
        1710    0.819546    0.799005  0.00350274
        1711    0.820415    0.799017  0.00350072
        1712     0.82125     0.79903   0.0034987
        1713    0.822051    0.799044  0.00349668
        1714    0.822816    0.799058  0.00349467
        1715    0.823546    0.799072  0.00349266
        1716    0.824239    0.799087  0.00349066
        1717    0.824896    0.799102  0.00348866
        1718    0.825515    0.799117  0.00348666
        1719    0.826097    0.799133  0.00348467
        1720    0.826642    0.799149  0.00348268
        1721     0.82715    0.799165  0.00348069
        1722    0.827621    0.799182  0.00347871
        1723    0.828056    0.799198  0.00347673
        1724    0.828454    0.799215  0.00347476
        1725    0.828816    0.799232  0.00347278
        1726    0.829143     0.79925  0.00347081
        1727    0.829435    0.799267  0.00346885
        1728    0.829694    0.799285  0.00346689
        1729    0.829921    0.799303  0.00346493
        1730    0.830115     0.79932  0.00346297
        1731    0.830276    0.799338  0.00346101
        1732    0.830406    0.799356  0.00345906
        1733    0.830507    0.799374  0.00345711
        1734     0.83058    0.799392  0.00345517
        1735    0.830626     0.79941  0.00345322
        1736    0.830645    0.799428  0.00345128
        1737    0.830638    0.799446  0.00344934
        1738    0.830609    0.799464   0.0034474
        1739    0.830556    0.799482  0.00344547
        1740    0.830483      0.7995  0.00344353
        1741    0.830389    0.799517   0.0034416
        1742    0.830276    0.799535  0.00343967
        1743    0.830145    0.799553  0.00343774
        1744    0.829998     0.79957  0.00343581
        1745    0.829835    0.799587  0.00343389
        1746    0.829658    0.799605  0.00343196
        1747    0.829467    0.799622  0.00343004
        1748    0.829265    0.799639  0.00342812
        1749    0.829051    0.799656   0.0034262
        1750    0.828828    0.799672  0.00342429
        1751    0.828595    0.799689  0.00342237
        1752    0.828354    0.799705  0.00342046
        1753    0.828106    0.799721  0.00341854
        1754    0.827853    0.799737  0.00341663
        1755    0.827595    0.799753  0.00341472
        1756    0.827332    0.799769  0.00341281
        1757    0.827067    0.799784  0.00341091
        1758    0.826798      0.7998    0.003409
        1759    0.826527    0.799815   0.0034071
        1760    0.826256     0.79983  0.00340519
        1761    0.825984    0.799845  0.00340329
        1762    0.825711     0.79986  0.00340139
        1763    0.825438    0.799874  0.00339949
        1764    0.825165    0.799888   0.0033976
        1765    0.824892    0.799903   0.0033957
        1766    0.824621    0.799917  0.00339381
        1767    0.824351     0.79993  0.00339192
        1768    0.824084    0.799944  0.00339002
        1769    0.823819    0.799958  0.00338814
        1770    0.823558    0.799971  0.00338625
        1771    0.823299    0.799984  0.00338436
        1772    0.823042    0.799997  0.00338248
        1773    0.822788     0.80001  0.00338059
        1774    0.822536    0.800023  0.00337871
        1775    0.822288    0.800035  0.00337683
        1776    0.822042    0.800048  0.00337495
        1777    0.821799     0.80006  0.00337307
        1778    0.821557    0.800072   0.0033712
        1779    0.821318    0.800084  0.00336933
        1780    0.821081    0.800096  0.00336745
        1781    0.820846    0.800107  0.00336558
        1782    0.820614    0.800119  0.00336371
        1783    0.820382     0.80013  0.00336185
        1784    0.820152    0.800141  0.00335998
        1785    0.819923    0.800152  0.00335812
        1786    0.819695    0.800163  0.00335625
        1787    0.819468    0.800174  0.00335439
        1788    0.819242    0.800185  0.00335253
        1789    0.819016    0.800195  0.00335068
        1790    0.818792    0.800206  0.00334882
        1791    0.818567    0.800216  0.00334697
        1792    0.818343    0.800226  0.00334511
        1793     0.81812    0.800236  0.00334326
        1794    0.817897    0.800246  0.00334141
        1795    0.817673    0.800256  0.00333957
        1796    0.817448    0.800265  0.00333772
        1797    0.817222    0.800275  0.00333588
        1798    0.816996    0.800284  0.00333404
        1799    0.816768    0.800293  0.00333219
        1800    0.816538    0.800302  0.00333036
        1801    0.816307    0.800311  0.00332852
        1802    0.816075     0.80032  0.00332668
        1803    0.815841    0.800328  0.00332485
        1804    0.815605    0.800337  0.00332302
        1805    0.815365    0.800345  0.00332119
        1806    0.815123    0.800353  0.00331936
        1807    0.814878    0.800361  0.00331753
        1808    0.814629    0.800369   0.0033157
        1809    0.814377    0.800377  0.00331388
        1810    0.814121    0.800385  0.00331206
        1811    0.813861    0.800392  0.00331024
        1812    0.813597    0.800399  0.00330842
        1813    0.813329    0.800407   0.0033066
        1814    0.813056    0.800414  0.00330479
        1815    0.812778     0.80042  0.00330297
        1816    0.812494    0.800427  0.00330116
        1817    0.812204    0.800433  0.00329935
        1818    0.811909     0.80044  0.00329754
        1819    0.811607    0.800446  0.00329573
        1820    0.811299    0.800452  0.00329393
        1821    0.810984    0.800458  0.00329212
        1822    0.810662    0.800463  0.00329032
        1823    0.810332    0.800469  0.00328852
        1824    0.809995    0.800474  0.00328672
        1825     0.80965    0.800479  0.00328493
        1826    0.809295    0.800484  0.00328313
        1827    0.808932    0.800488  0.00328134
        1828    0.808558    0.800493  0.00327955
        1829    0.808173    0.800497  0.00327775
        1830    0.807779    0.800501  0.00327597
        1831    0.807374    0.800505  0.00327418
        1832    0.806957    0.800508  0.00327239
        1833    0.806528    0.800512  0.00327061
        1834    0.806087    0.800515  0.00326883
        1835    0.805634    0.800517  0.00326705
        1836    0.805167     0.80052  0.00326527
        1837    0.804687    0.800522  0.00326349
        1838    0.804193    0.800524  0.00326172
        1839    0.803684    0.800526  0.00325994
        1840    0.803161    0.800527  0.00325817
        1841    0.802623    0.800528   0.0032564
        1842     0.80207    0.800529  0.00325464
        1843    0.801501     0.80053  0.00325287
        1844    0.800916     0.80053  0.00325111
        1845    0.800314     0.80053  0.00324934
        1846    0.799695    0.800529  0.00324758
        1847    0.799059    0.800529  0.00324583
        1848    0.798405    0.800528  0.00324407
        1849    0.797734    0.800526  0.00324232
        1850    0.797046    0.800524  0.00324056
        1851    0.796339    0.800522  0.00323881
        1852    0.795613    0.800519  0.00323707
        1853    0.794869    0.800516  0.00323532
        1854    0.794106    0.800513  0.00323358
        1855    0.793324    0.800509  0.00323184
        1856    0.792525    0.800505   0.0032301
        1857    0.791706      0.8005  0.00322836
        1858    0.790869    0.800495  0.00322663
        1859    0.790015    0.800489   0.0032249
        1860    0.789143    0.800483  0.00322317
        1861    0.788252    0.800476  0.00322144
        1862    0.787343    0.800469  0.00321972
        1863    0.786417    0.800462    0.003218
        1864    0.785475    0.800454  0.00321629
        1865    0.784515    0.800445  0.00321457
        1866     0.78354    0.800436  0.00321286
        1867    0.782547    0.800426  0.00321116
        1868     0.78154    0.800416  0.00320945
        1869    0.780518    0.800406  0.00320775
        1870    0.779483    0.800395  0.00320606
        1871    0.778436    0.800383  0.00320437
        1872    0.777377    0.800371  0.00320268
        1873    0.776307    0.800358  0.00320099
        1874    0.775227    0.800344  0.00319931
        1875    0.774139     0.80033  0.00319764
        1876    0.773043    0.800316  0.00319597
        1877    0.771941    0.800301   0.0031943
        1878    0.770833    0.800285  0.00319264
        1879    0.769722    0.800269  0.00319098
        1880    0.768608    0.800252  0.00318933
        1881    0.767493    0.800234  0.00318768
        1882    0.766379    0.800216  0.00318604
        1883    0.765267    0.800198   0.0031844
        1884     0.76416    0.800179  0.00318276
        1885    0.763058    0.800159  0.00318114
        1886    0.761965    0.800139  0.00317951
        1887    0.760881    0.800118   0.0031779
        1888     0.75981    0.800097  0.00317629
        1889    0.758752    0.800075  0.00317468
        1890    0.757709    0.800052  0.00317308
        1891    0.756683    0.800029  0.00317148
        1892    0.755675    0.800006  0.00316989
        1893    0.754687    0.799982  0.00316831
        1894    0.753721    0.799958  0.00316673
        1895    0.752781    0.799933  0.00316516
        1896    0.751868    0.799907  0.00316359
        1897    0.750984    0.799882  0.00316203
        1898    0.750131    0.799855  0.00316047
        1899    0.749312    0.799829  0.00315892
        1900    0.748526    0.799802  0.00315737
        1901    0.747776    0.799774  0.00315583
        1902    0.747065    0.799747  0.00315429
        1903    0.746394    0.799719  0.00315276
        1904    0.745765     0.79969  0.00315123
        1905    0.745178    0.799662  0.00314971
        1906    0.744636    0.799633  0.00314819
        1907     0.74414    0.799604  0.00314667
        1908     0.74369    0.799574  0.00314516
        1909    0.743288    0.799545  0.00314365
        1910    0.742937    0.799515  0.00314214
        1911    0.742637    0.799485  0.00314064
        1912     0.74239    0.799456  0.00313914
        1913    0.742196    0.799426  0.00313764
        1914    0.742057    0.799396  0.00313614
        1915    0.741972    0.799366  0.00313465
        1916    0.741942    0.799336  0.00313316
        1917    0.741966    0.799306  0.00313166
        1918    0.742045    0.799276  0.00313017
        1919    0.742178    0.799246  0.00312868
        1920    0.742366    0.799217  0.00312719
        1921    0.742609    0.799187  0.00312571
        1922    0.742906    0.799158  0.00312422
        1923    0.743257    0.799129  0.00312273
        1924    0.743661      0.7991  0.00312124
        1925    0.744119    0.799071  0.00311975
        1926     0.74463    0.799043  0.00311825
        1927    0.745193    0.799015  0.00311676
        1928    0.745807    0.798988  0.00311527
        1929     0.74647     0.79896  0.00311377
        1930     0.74718    0.798934  0.00311227
        1931    0.747938    0.798907  0.00311077
        1932     0.74874    0.798881  0.00310927
        1933    0.749586    0.798856  0.00310777
        1934    0.750472    0.798831  0.00310626
        1935    0.751398    0.798806  0.00310475
        1936    0.752361    0.798782  0.00310324
        1937     0.75336    0.798759  0.00310173
        1938    0.754393    0.798736  0.00310021
        1939    0.755457    0.798713  0.00309869
        1940     0.75655    0.798692  0.00309717
        1941    0.757668    0.798671  0.00309565
        1942    0.758811     0.79865  0.00309412
        1943    0.759977     0.79863   0.0030926
        1944    0.761162    0.798611  0.00309106
        1945    0.762362    0.798592  0.00308953
        1946    0.763577    0.798574    0.003088
        1947    0.764803    0.798557  0.00308646
        1948    0.766037     0.79854  0.00308492
        1949    0.767278    0.798524  0.00308338
        1950    0.768524    0.798509  0.00308184
        1951     0.76977    0.798494  0.00308029
        1952    0.771015     0.79848  0.00307875
        1953    0.772255    0.798467   0.0030772
        1954    0.773489    0.798454  0.00307565
        1955    0.774712    0.798442   0.0030741
        1956    0.775924     0.79843  0.00307255
        1957    0.777121    0.798419    0.003071
        1958      0.7783    0.798409  0.00306945
        1959     0.77946    0.798399   0.0030679
        1960    0.780597     0.79839  0.00306635
        1961    0.781709    0.798382  0.00306479
        1962    0.782795    0.798374  0.00306324
        1963    0.783852    0.798366  0.00306169
        1964     0.78488    0.798359  0.00306014
        1965    0.785874    0.798353  0.00305859
        1966    0.786836    0.798347  0.00305704
        1967    0.787763    0.798342  0.00305549
        1968    0.788653    0.798337  0.00305394
        1969    0.789506    0.798332  0.00305239
        1970    0.790319    0.798328  0.00305085
        1971     0.79109    0.798325   0.0030493
        1972     0.79182    0.798321  0.00304776
        1973    0.792507    0.798319  0.00304621
        1974    0.793151    0.798316  0.00304467
        1975    0.793751    0.798314  0.00304313
        1976    0.794308    0.798312  0.00304159
        1977     0.79482     0.79831  0.00304005
        1978    0.795289    0.798308  0.00303852
        1979    0.795715    0.798307  0.00303698
        1980    0.796099    0.798306  0.00303545
        1981    0.796439    0.798305  0.00303391
        1982    0.796738    0.798304  0.00303238
        1983    0.796997    0.798303  0.00303085
        1984    0.797217    0.798303  0.00302933
        1985    0.797398    0.798302   0.0030278
        1986    0.797544    0.798302  0.00302628
        1987    0.797655    0.798302  0.00302475
        1988    0.797734    0.798301  0.00302323
        1989    0.797781    0.798301  0.00302171
        1990      0.7978    0.798301  0.00302019
        1991    0.797794    0.798301  0.00301868
        1992    0.797763      0.7983  0.00301716
        1993     0.79771      0.7983  0.00301565
        1994    0.797638      0.7983  0.00301414
        1995    0.797549    0.798299  0.00301262
        1996    0.797446    0.798299  0.00301112
        1997    0.797331    0.798298  0.00300961
        1998    0.797208    0.798298   0.0030081
        1999     0.79708    0.798297   0.0030066
        2000    0.796948    0.798297  0.00300509
