           1     0.00368     0.00368           0
           2    0.002068    0.002874    0.000806
           3   -0.003932 0.000605333   0.0023159
           4    0.003208    0.001256  0.00176212
           5    0.006528   0.0023104  0.00172476
           6      -6e-05  0.00191533  0.00146263
           7   -0.012596-0.000157714  0.00241362
           8   -0.005692  -0.0008495  0.00220176
           9    0.001876-0.000546667  0.00196524
          10    0.005532    6.12e-05  0.00185991
          11    0.002632 0.000294909   0.0016985
          12   -0.006452-0.000267333  0.00164931
          13   -0.005588-0.000676615  0.00157138
          14      -8e-05   -0.000634  0.00145544
          15     0.00474-0.000275733   0.0014015
          16    0.013996  0.00061625  0.00158566
          17    0.003836 0.000805647  0.00150146
          18   -0.004308 0.000521556  0.00144382
          19   -0.006936 0.000129053    0.001421
          20    0.000336   0.0001394  0.00134812
          21    0.005476 0.000393524  0.00130725
          22    0.005908 0.000644182  0.00127137
          23   -0.002324  0.00051513  0.00122167
          24   -0.001736 0.000421333  0.00117342
          25    0.001968   0.0004832   0.0011272
          26   -0.001472    0.000408  0.00108559
          27   -0.004888 0.000211852  0.00106286
          28    0.000408 0.000218857  0.00102422
          29     -0.0015 0.000159586 0.000990051
          30   -0.001016   0.0001204 0.000957283
          31    -0.00092 8.68387e-05 0.000926496
          32   -0.002816  -3.875e-06 0.000901651
          33   -0.004324-0.000134788 0.000883652
          34    0.003232-3.57647e-05 0.000862969
          35    0.001112-2.97143e-06 0.000838591
          36   -0.006056-0.000171111 0.000832128
          37    -0.00744-0.000367568 0.000832829
          38    0.000668-0.000340316 0.000811074
          39   -0.004196-0.000439179 0.000796166
          40    0.003256  -0.0003468 0.000781485
          41   -0.009964-0.000581366 0.000797464
          42   -0.003816-0.000658381 0.000782047
          43    0.002944-0.000574605 0.000768225
          44    0.002324-0.000508727 0.000753448
          45   -0.006632  -0.0006448 0.000748979
          46   -0.008716-0.000820261 0.000753237
          47    -0.00168-0.000838553 0.000737263
          48    0.005048-0.000715917 0.000732085
          49   -0.011568-0.000937388 0.000750415
          50    0.007624 -0.00076616 0.000754928
          51   -0.002304-0.000796314 0.000740592
          52    0.001076-0.000760308 0.000727102
          53    0.001704-0.000713811 0.000714765
          54    0.000136-0.000698074  0.00070158
          55     0.00202-0.000648655 0.000690477
          56   -0.008912-0.000796214 0.000693906
          57   -0.002192-0.000820702 0.000682063
          58    0.004948-0.000721241  0.00067754
          59   -0.007288-0.000832542 0.000675194
          60   -0.010084-0.000986733 0.000681517
          61    -0.00274 -0.00101548 0.000670868
          62     0.00712-0.000884258 0.000672877
          63   -0.004752-0.000945651  0.00066495
          64   -0.005516 -0.00101706 0.000658362
          65   -0.003916 -0.00106166 0.000649687
          66   -0.011508 -0.00121994 0.000659056
          67     0.00172 -0.00117606 0.000650626
          68    0.002048 -0.00112865 0.000642738
          69    0.003284  -0.0010647 0.000636575
          70   -0.004192 -0.00110937 0.000629003
          71    0.011248-0.000935324 0.000644044
          72    0.003244-0.000877278 0.000637684
          73    0.000956-0.000852164 0.000629389
          74    0.009768-0.000708649 0.000637198
          75    -0.00164-0.000721067 0.000628767
          76    0.005992-0.000632737 0.000626694
          77   -0.001328-0.000641766 0.000618568
          78    -1.2e-05-0.000633692 0.000610639
          79     -0.0033-0.000667443 0.000603804
          80    0.006344  -0.0005798 0.000602616
          81   -0.000448-0.000578173 0.000595132
          82   -0.003932-0.000619073 0.000589251
          83    0.004476-0.000557687 0.000585336
          84     9.6e-05-0.000549905 0.000578378
          85     0.00022-0.000540847 0.000571605
          86    -0.00776-0.000624791 0.000571122
          87   -0.014172-0.000780506 0.000585602
          88    0.009216-0.000666909 0.000589949
          89    0.004836-0.000605079  0.00058655
          90    0.006416-0.000527067  0.00058522
          91   -0.004112-0.000566462 0.000580092
          92    0.004376-0.000512739 0.000576262
          93   -0.002872-0.000538108 0.000570596
          94   -0.002012-0.000553787 0.000564711
          95    0.005688-0.000488084 0.000562585
          96    0.000484-0.000477958 0.000556786
          97   -0.005644-0.000531216 0.000553584
          98    0.005876-0.000465837 0.000551793
          99   -0.008132-0.000543273 0.000551652
         100    -0.00414 -0.00057924 0.000547291
