6              0
7              0
8              0
9              0
10              0
11              0
12              0
13              0
14              0
15              0
16              0
17              0
18              0
19              0
20              0
21              0
22              0
23              0
24              0
25              0
26              0
27              0
28              0
29              0
30              0
31              0
32              0
33              0
34              0
35              0
36              0
37              0
38              0
39              0
40              0
41              0
42              0
43              0
44              0
45              0
46              0
47              0
48              0
49              0
50              0
51              0
52              0
53              0
54              0
55              0
56              0
57              0
58              0
59              0
60              0
61              0
62              0
63              0
64              0
65              0
66              0
67              0
68              0
69              0
70              0
71              0
72              0
73              0
74              0
75              0
76              0
77              0
78              0
79              0
80              0
81              0
82              0
83              0
84              0
85              0
86              0
87              0
88              0
89              0
90              0
91              0
92              0
93              0
94              0
95              0
96              0
97              0
98              0
99              0
100              0
101              0
102              0
103              0
104              0
105              0
106              0
107              0
108              0
109              0
110              0
111              0
112              0
113              0
114              0
115              0
116              0
117              0
118              0
119              0
120              0
121              0
122              0
123              0
124              0
125              0
126              0
127              0
128              0
129              0
130              0
131              0
132              0
133              0
134              0
135              0
136              0
137              0
138              0
139              0
140              0
141              0
142              0
143              0
144              0
145              0
146              0
147              0
148              0
149              0
150              0
151              0
152              0
153              0
154              0
155              0
156              0
157              0
158              0
159              0
160              0
161              0
162              0
163              0
164              0
165              0
166              0
167              0
168              0
169              0
170              0
171              0
172              0
173              0
174              0
175              0
176              0
177              0
178              0
179              0
180              0
181              0
182              0
183              0
184              0
185              0
186              0
187              0
188              0
189              0
190              0
191              0
192              0
193              0
194              0
195              0
196              0
197              0
198              0
199              0
200              0
201              0
202              0
203              0
204              0
205              0
206              0
207              0
208              0
209              0
210              0
211              0
212              0
213              0
214              0
215              0
216              0
217              0
218              0
219              0
220              0
221              0
222              0
223              0
224              0
225              0
226              0
227              0
228              0
229              0
230              0
231              0
232              0
233              0
234              0
235              0
236              0
237              0
238              0
239              0
240              0
241              0
242              0
243              0
244              0
245              0
246              0
247              0
248              0
249              0
250              0
251              0
252              0
253              0
254              0
255              0
256              0
257              0
258              0
259              0
260              0
261              0
262              0
263              0
264              0
265              0
266              0
267              0
268              0
269              0
270              0
271              0
272              0
273              0
274              0
275              0
276              0
277              0
278              0
279              0
280              0
281              0
282              0
283              0
284              0
285              0
286              0
287              0
288              0
289              0
290              0
291              0
292              0
293              0
294              0
295              0
296              0
297              0
298              0
299              0
300              0
301              0
302              0
303              0
304              0
305              0
306              0
307              0
308              0
309              0
310              0
311              0
312              0
313              0
314              0
315              0
316              0
317              0
318              0
319              0
320              0
321              0
322              0
323              0
324              0
325              0
326              0
327              0
328              0
329              0
330              0
331              0
332              0
333              0
334              0
335              0
336              0
337              0
338              0
339              0
340              0
341              0
342              0
343              0
344              0
345              0
346              0
347              0
348              0
349              0
350              0
351              0
352              0
353              0
354              0
355              0
356              0
357              0
358              0
359              0
360              0
361              0
362              0
363              0
364              0
365              0
366              0
367              0
368              0
369              0
370              0
371              0
372              0
373              0
374              0
375              0
376              0
377              0
378              0
379              0
380              0
381              0
382              0
383              0
384              0
385              0
386              0
387              0
388    6.23875e-10
389              0
390    5.17799e-09
391    7.50449e-10
392    3.15069e-09
393    7.27083e-09
394    1.09432e-08
395    1.06728e-08
396    1.93565e-08
397    3.35708e-08
398    4.13314e-08
399     6.7044e-08
400    1.10093e-07
401    1.60896e-07
402    2.20931e-07
403    2.67618e-07
404    3.36789e-07
405    4.59897e-07
406    5.66382e-07
407    7.65864e-07
408    9.76917e-07
409    1.22666e-06
410    1.48197e-06
411    1.86182e-06
412    2.33554e-06
413    2.79328e-06
414    3.40119e-06
415    3.98932e-06
416    4.82494e-06
417    5.54694e-06
418    6.70998e-06
419    7.90291e-06
420    9.19494e-06
421    1.05174e-05
422    1.19407e-05
423    1.37464e-05
424    1.57073e-05
425    1.76696e-05
426    1.97658e-05
427     2.2136e-05
428    2.47557e-05
429    2.70632e-05
430     2.9948e-05
431    3.27237e-05
432    3.57936e-05
433    3.92267e-05
434    4.28709e-05
435     4.5728e-05
436    4.97823e-05
437    5.20238e-05
438    5.64732e-05
439    5.95047e-05
440    6.36828e-05
441    6.65773e-05
442    7.02332e-05
443    7.52136e-05
444    7.74186e-05
445    8.19231e-05
446    8.44654e-05
447    8.87747e-05
448     9.2366e-05
449     9.5361e-05
450    9.83681e-05
451    0.000101088
452    0.000104182
453    0.000106977
454    0.000109102
455    0.000112037
456    0.000114075
457    0.000115422
458     0.00011733
459    0.000118689
460     0.00011934
461     0.00012106
462    0.000123482
463    0.000122885
464     0.00012368
465    0.000123501
466    0.000125078
467    0.000124296
468    0.000123675
469    0.000123357
470    0.000123606
471    0.000121758
472    0.000121321
473    0.000120145
474     0.00012065
475    0.000117593
476     0.00011623
477    0.000114292
478    0.000113474
479     0.00011231
480    0.000109744
481    0.000107769
482    0.000105596
483    0.000103596
484    0.000101166
485     9.8189e-05
486    9.60535e-05
487     9.4204e-05
488    9.13901e-05
489    8.95835e-05
490    8.66987e-05
491    8.46983e-05
492    8.16874e-05
493    7.94383e-05
494    7.62802e-05
495    7.39452e-05
496    7.15926e-05
497     6.8888e-05
498    6.72038e-05
499    6.39988e-05
500    6.23685e-05
501    5.98516e-05
502    5.72319e-05
503    5.51128e-05
504      5.291e-05
505    5.09028e-05
506    4.85707e-05
507    4.67936e-05
508    4.46177e-05
509    4.32644e-05
510    4.08101e-05
511    3.89261e-05
512    3.67186e-05
513    3.52236e-05
514    3.37573e-05
515     3.2208e-05
516    3.02728e-05
517    2.88587e-05
518    2.74594e-05
519    2.58576e-05
520    2.45473e-05
521    2.31906e-05
522    2.22971e-05
523    2.10382e-05
524    1.98553e-05
525    1.84262e-05
526    1.77209e-05
527    1.68978e-05
528    1.56424e-05
529    1.47787e-05
530    1.38338e-05
531    1.29972e-05
532    1.24175e-05
533    1.15045e-05
534    1.07873e-05
535    1.01843e-05
536    9.46972e-06
537     8.9067e-06
538    8.22496e-06
539    7.77468e-06
540    7.24372e-06
541    6.70293e-06
542    6.24811e-06
543    5.82192e-06
544    5.53465e-06
545    5.11467e-06
546    4.77009e-06
547    4.63006e-06
548    4.21762e-06
549    3.91439e-06
550    3.51048e-06
551    3.31104e-06
552    3.15409e-06
553    2.88134e-06
554    2.73007e-06
555    2.40876e-06
556    2.29769e-06
557    2.14661e-06
558     1.9811e-06
559    1.92213e-06
560    1.72624e-06
561    1.54725e-06
562    1.55585e-06
563    1.48117e-06
564     1.3194e-06
565    1.33103e-06
566    1.19634e-06
567     1.1539e-06
568    1.12896e-06
569    1.11628e-06
570    1.01455e-06
571    1.04611e-06
572    9.64736e-07
573    9.66507e-07
574    9.95362e-07
575    9.59564e-07
576    9.65715e-07
577    9.55888e-07
578     9.8304e-07
579    1.00593e-06
580    1.06179e-06
581    1.08559e-06
582    1.11627e-06
583     1.1835e-06
584    1.19337e-06
585    1.30699e-06
586    1.31096e-06
587    1.49419e-06
588    1.51461e-06
589    1.57278e-06
590    1.72655e-06
591    1.79956e-06
592    1.92459e-06
593    2.01197e-06
594    2.21239e-06
595    2.32479e-06
596    2.42084e-06
597    2.53672e-06
598    2.69477e-06
599    2.91365e-06
600    3.08283e-06
601    3.19892e-06
602    3.43948e-06
603    3.68209e-06
604    3.84888e-06
605    4.16018e-06
606    4.30546e-06
607    4.51731e-06
608    4.99146e-06
609     5.1521e-06
610    5.35786e-06
611    5.64369e-06
612    6.04229e-06
613    6.17975e-06
614    6.49092e-06
615    6.92418e-06
616    7.21013e-06
617    7.57152e-06
618    7.91772e-06
619    8.31799e-06
620    8.67964e-06
621    9.14154e-06
622    9.43494e-06
623    9.74647e-06
624    1.02952e-05
625    1.05863e-05
626    1.08697e-05
627     1.1472e-05
628    1.19584e-05
629    1.23482e-05
630    1.28952e-05
631    1.35138e-05
632    1.37361e-05
633    1.39916e-05
634    1.46717e-05
635    1.50804e-05
636    1.57372e-05
637    1.61322e-05
638    1.65199e-05
639    1.70867e-05
640    1.73982e-05
641    1.79886e-05
642    1.82416e-05
643    1.86837e-05
644    1.91185e-05
645    1.97112e-05
646    2.00807e-05
647    2.03843e-05
648    2.09576e-05
649    2.13632e-05
650    2.14846e-05
651    2.22408e-05
652    2.25153e-05
653    2.27996e-05
654    2.29535e-05
655     2.3239e-05
656    2.32263e-05
657    2.34844e-05
658    2.40335e-05
659    2.41707e-05
660    2.41946e-05
661    2.47131e-05
662    2.43608e-05
663    2.45722e-05
664    2.47727e-05
665    2.48826e-05
666    2.46634e-05
667    2.47579e-05
668    2.51463e-05
669    2.46342e-05
670    2.45567e-05
671     2.4583e-05
672    2.46208e-05
673    2.43962e-05
674    2.41498e-05
675    2.41442e-05
676    2.38678e-05
677    2.34222e-05
678    2.34093e-05
679    2.31039e-05
680    2.29423e-05
681    2.26075e-05
682    2.24622e-05
683    2.19184e-05
684    2.18369e-05
685     2.1152e-05
686    2.09838e-05
687    2.04223e-05
688    1.98214e-05
689    1.95642e-05
690    1.88581e-05
691    1.86324e-05
692    1.81413e-05
693    1.78091e-05
694    1.72586e-05
695    1.69541e-05
696    1.65599e-05
697    1.58736e-05
698    1.56134e-05
699    1.50423e-05
700    1.44147e-05
701    1.42249e-05
702    1.36304e-05
703    1.32434e-05
704    1.27841e-05
705    1.21384e-05
706    1.17988e-05
707    1.13332e-05
708    1.09937e-05
709    1.07427e-05
710    1.01578e-05
711    9.80013e-06
712    9.37321e-06
713    9.12012e-06
714     8.7643e-06
715    8.26802e-06
716    8.01068e-06
717    7.83949e-06
718     7.3357e-06
719    7.05765e-06
720    6.90737e-06
721    6.53403e-06
722     6.2099e-06
723     6.0441e-06
724     5.8497e-06
725    5.54575e-06
726     5.3691e-06
727    5.27013e-06
728    5.18944e-06
729    5.00666e-06
730    4.90882e-06
731    4.78737e-06
732    4.70208e-06
733    4.76627e-06
734    4.64214e-06
735    4.66429e-06
736    4.74954e-06
737    4.65304e-06
738    4.81476e-06
739    4.92708e-06
740    4.81932e-06
741    5.05551e-06
742    5.23803e-06
743    5.45802e-06
744    5.80417e-06
745    5.97028e-06
746    6.24972e-06
747     6.4704e-06
748    6.90777e-06
749    7.18881e-06
750    7.63548e-06
751    8.13887e-06
752    8.51675e-06
753     9.0731e-06
754    9.64718e-06
755    1.01701e-05
756    1.09124e-05
757    1.12887e-05
758    1.20985e-05
759    1.27284e-05
760    1.36317e-05
761    1.46093e-05
762    1.51999e-05
763    1.61473e-05
764    1.69361e-05
765    1.77767e-05
766    1.90169e-05
767    1.97864e-05
768    2.10537e-05
769    2.19264e-05
770    2.32853e-05
771    2.41824e-05
772    2.56399e-05
773     2.6474e-05
774    2.77404e-05
775    2.95301e-05
776    3.04761e-05
777    3.17487e-05
778     3.3002e-05
779    3.41092e-05
780    3.56307e-05
781    3.71675e-05
782    3.87523e-05
783    3.99251e-05
784    4.11736e-05
785    4.24588e-05
786    4.42653e-05
787     4.5703e-05
788     4.6811e-05
789      4.811e-05
790    4.95409e-05
791    5.10786e-05
792    5.23918e-05
793    5.39477e-05
794    5.49754e-05
795    5.62639e-05
796    5.75378e-05
797    5.83317e-05
798    5.94696e-05
799    6.06558e-05
800    6.19372e-05
801    6.27551e-05
802    6.36158e-05
803      6.456e-05
804    6.50547e-05
805    6.58548e-05
806     6.6967e-05
807    6.68634e-05
808    6.78649e-05
809    6.80832e-05
810    6.86905e-05
811    6.91709e-05
812    6.93378e-05
813    6.96392e-05
814     6.9754e-05
815    6.95245e-05
816    6.92067e-05
817    7.01487e-05
818    6.89387e-05
819    6.87978e-05
820    6.86611e-05
821    6.78118e-05
822    6.75216e-05
823    6.70169e-05
824    6.64372e-05
825    6.59008e-05
826    6.53005e-05
827    6.40683e-05
828    6.38534e-05
829    6.25289e-05
830    6.18454e-05
831    6.03958e-05
832    5.96001e-05
833    5.82683e-05
834    5.76392e-05
835    5.60625e-05
836    5.51399e-05
837    5.38914e-05
838     5.2634e-05
839      5.159e-05
840    5.01251e-05
841    4.90709e-05
842     4.7565e-05
843    4.64906e-05
844    4.47805e-05
845     4.3526e-05
846    4.21663e-05
847     4.0869e-05
848    3.95042e-05
849    3.81683e-05
850    3.69302e-05
851    3.56841e-05
852    3.44572e-05
853    3.34415e-05
854    3.18461e-05
855    3.08548e-05
856     2.9748e-05
857     2.8465e-05
858    2.73097e-05
859    2.64024e-05
860    2.53431e-05
861    2.42016e-05
862    2.31459e-05
863    2.24057e-05
864    2.12581e-05
865    2.04661e-05
866    1.95845e-05
867    1.86924e-05
868    1.79742e-05
869    1.72755e-05
870    1.66409e-05
871    1.58925e-05
872    1.51327e-05
873     1.4667e-05
874    1.42747e-05
875     1.3767e-05
876    1.32033e-05
877     1.2756e-05
878    1.23823e-05
879    1.21815e-05
880    1.16954e-05
881     1.1539e-05
882    1.13554e-05
883    1.10479e-05
884    1.09028e-05
885    1.07888e-05
886    1.06976e-05
887    1.06609e-05
888    1.07077e-05
889    1.07617e-05
890    1.08473e-05
891    1.09266e-05
892    1.08682e-05
893    1.09583e-05
894    1.11972e-05
895    1.14221e-05
896    1.16874e-05
897    1.20104e-05
898    1.22833e-05
899     1.2431e-05
900    1.29584e-05
901    1.32075e-05
902    1.37404e-05
903     1.4013e-05
904    1.44097e-05
905    1.47294e-05
906    1.50986e-05
907    1.56875e-05
908    1.59215e-05
909    1.64666e-05
910    1.69409e-05
911    1.74776e-05
912    1.79398e-05
913    1.82702e-05
914    1.87292e-05
915    1.94136e-05
916    1.97963e-05
917    2.02078e-05
918    2.05071e-05
919    2.12171e-05
920    2.15277e-05
921    2.20332e-05
922    2.22654e-05
923    2.28429e-05
924    2.30338e-05
925    2.34279e-05
926    2.38729e-05
927    2.41246e-05
928     2.4605e-05
929    2.48198e-05
930    2.50899e-05
931    2.51884e-05
932    2.55251e-05
933    2.58018e-05
934    2.60804e-05
935    2.60036e-05
936     2.6204e-05
937    2.63442e-05
938    2.62426e-05
939    2.63508e-05
940    2.65139e-05
941     2.6527e-05
942    2.64746e-05
943    2.66415e-05
944    2.62546e-05
945    2.63879e-05
946    2.61994e-05
947    2.59228e-05
948    2.55741e-05
949    2.56156e-05
950    2.54089e-05
951    2.51252e-05
952    2.48842e-05
953    2.46873e-05
954    2.32966e-05
955    2.29954e-05
956    2.26213e-05
957    2.24053e-05
958    2.20809e-05
959    2.18322e-05
960    2.14926e-05
961    2.10868e-05
962    2.08532e-05
963    2.04638e-05
964    2.00719e-05
965    1.99613e-05
966    1.94799e-05
967    1.89857e-05
968    1.87388e-05
969    1.84285e-05
970    1.80588e-05
971    1.78483e-05
972    1.73077e-05
973    1.69725e-05
974    1.67345e-05
975    1.64162e-05
976    1.59583e-05
977    1.59628e-05
978    1.54951e-05
979    1.54192e-05
980    1.50373e-05
981      1.499e-05
982    1.48062e-05
983    1.45339e-05
984    1.44589e-05
985    1.43177e-05
986    1.41593e-05
987    1.41445e-05
988    1.39925e-05
989    1.40674e-05
990    1.39746e-05
991    1.40374e-05
992    1.40392e-05
993    1.40734e-05
994    1.43514e-05
995    1.45151e-05
996    1.44238e-05
997    1.48635e-05
998     1.4962e-05
999    1.52317e-05
