              1      -0.000386      -0.000386              0
              2      0.0018196      0.0007168      0.0011028
              3     -0.0010724      0.0001204      0.0008724
              4       0.000282      0.0001608    0.000618202
              5     -0.0022264    -0.00031664    0.000676205
              6     -0.0004552   -0.000339733    0.000552602
              7     -0.0026348     -0.0006676    0.000570629
              8      -8.52e-05     -0.0005948    0.000499512
              9      0.0020788   -0.000297733    0.000531332
             10      0.0020232     -6.564e-05    0.000528884
             11     -0.0024624   -0.000283527    0.000525676
             12     -0.0011692   -0.000357333    0.000485517
             13     -0.0005944   -0.000375569    0.000446983
             14     -0.0035908   -0.000605229    0.000473281
             15        0.00018    -0.00055288      0.0004437
             16       0.000812   -0.000467575    0.000423719
             17     -0.0054624   -0.000761388    0.000494714
             18       0.000558   -0.000688089    0.000472145
             19      0.0012104   -0.000588168    0.000457646
             20       0.000638    -0.00052686    0.000438468
             21      0.0001188   -0.000496114    0.000418198
             22     -0.0007684   -0.000508491    0.000398929
             23     -0.0005248     -0.0005092     0.00038119
             24       0.000718   -0.000458067    0.000368526
             25     -0.0008416   -0.000473408    0.000353811
             26      0.0002868   -0.000444169    0.000341186
             27      0.0024088   -0.000338504    0.000344891
             28      0.0025792     -0.0002343    0.000348299
             29     -0.0009348   -0.000258455    0.000336941
             30      0.0021632   -0.000177733    0.000335375
             31     -0.0008188   -0.000198413    0.000325035
             32      -0.000946   -0.000221775     0.00031558
             33      0.0004608   -0.000201091    0.000306566
             34       -0.00071   -0.000216059    0.000297789
             35     -0.0017584   -0.000260126    0.000292494
             36      0.0001944     -0.0002475    0.000284533
             37      0.0004308   -0.000229168    0.000277343
             38        0.00308   -0.000142084    0.000283645
             39      0.0025584    -7.2841e-05    0.000284821
             40        0.00267      -4.27e-06    0.000285953
             41        0.00114     2.3639e-05    0.000280284
             42     -0.0021408   -2.78952e-05    0.000278341
             43      -9.88e-05   -2.95442e-05    0.000271796
             44      0.0009108   -8.17273e-06    0.000266406
             45      0.0012064    1.88178e-05    0.000261813
             46      0.0002496    2.38348e-05    0.000256108
             47      0.0039652    0.000107694    0.000264258
             48      0.0024964    0.000157458    0.000263437
             49      -8.96e-05    0.000152416    0.000258054
             50     -0.0005268    0.000138832    0.000253205
