              1        1.34062        1.34062              0
              2        1.34895        1.34479      0.0041676
              3        1.35086        1.34681     0.00314398
              4        1.35741        1.34946     0.00345825
              5        1.36218          1.352     0.00369397
              6        1.37962        1.35661      0.0055034
              7        1.36224        1.35741     0.00472043
              8        1.37979        1.36021     0.00495343
              9        1.36801        1.36107     0.00445367
             10        1.37729         1.3627     0.00430086
             11        1.36833        1.36321      0.0039238
             12         1.3409        1.36135     0.00403569
             13        1.38164        1.36291     0.00402714
             14        1.36357        1.36296     0.00372871
             15        1.36878        1.36334     0.00349285
             16        1.36689        1.36357     0.00327477
             17        1.36716        1.36378     0.00308337
             18        1.34934        1.36298      0.0030156
             19        1.35433        1.36252     0.00288851
             20        1.36755        1.36277     0.00275179
             21        1.35653        1.36248     0.00263431
             22        1.36446        1.36257     0.00251334
             23        1.35829        1.36238     0.00240877
             24        1.35111        1.36191     0.00235353
             25        1.36364        1.36198     0.00225849
             26        1.35514        1.36172     0.00218575
             27        1.36404         1.3618     0.00210501
             28        1.35756        1.36165      0.0020341
             29        1.34915        1.36122     0.00200945
             30         1.3645        1.36133     0.00194439
             31        1.37577        1.36179     0.00193748
             32        1.36394        1.36186     0.00187716
             33         1.3632         1.3619     0.00181984
             34         1.3396        1.36125     0.00188341
             35         1.3609        1.36124     0.00182883
             36        1.37342        1.36157     0.00180921
             37        1.33592        1.36088     0.00189136
             38        1.34287        1.36041     0.00190097
             39        1.36048        1.36041     0.00185159
             40        1.37314        1.36073     0.00183256
             41        1.32149        1.35977     0.00202741
             42        1.34444        1.35941     0.00201191
             43        1.35149        1.35922     0.00197318
             44        1.38726        1.35986     0.00203044
             45        1.33018         1.3592     0.00209153
             46        1.35733        1.35916     0.00204596
             47        1.36333        1.35925     0.00200392
             48        1.35971        1.35926     0.00196175
             49        1.36554        1.35938     0.00192558
             50        1.35171        1.35923      0.0018929
