              1       0.197249       0.197249              0
              2       0.198465       0.197857    0.000607784
              3        0.19591       0.197208    0.000737745
              4        0.19772       0.197336    0.000537127
              5       0.196578       0.197184    0.000442844
              6       0.195775       0.196949    0.000431235
              7        0.19504       0.196677    0.000455235
              8       0.195733       0.196559    0.000411524
              9       0.196859       0.196592    0.000364457
             10       0.196382       0.196571    0.000326659
             11       0.196661       0.196579    0.000295588
             12       0.195055       0.196452    0.000298245
             13       0.196993       0.196494    0.000277481
             14       0.196405       0.196487    0.000256976
             15        0.19603       0.196457    0.000241168
             16       0.194778       0.196352    0.000248792
             17       0.194706       0.196255    0.000252958
             18       0.195895       0.196235    0.000239331
             19        0.19748       0.196301    0.000235672
             20       0.196886        0.19633    0.000225483
             21       0.195917        0.19631    0.000215375
             22       0.193993       0.196205    0.000230787
             23       0.195767       0.196186    0.000221345
             24       0.195135       0.196142    0.000216401
             25        0.19646       0.196155    0.000207953
             26       0.197313       0.196199    0.000204698
             27       0.197201       0.196237    0.000200435
             28       0.196827       0.196258    0.000194294
             29        0.19598       0.196248    0.000187718
             30       0.195874       0.196236    0.000181781
             31       0.198268       0.196301    0.000187651
             32       0.196079       0.196294    0.000181825
             33       0.196231       0.196292    0.000176239
             34       0.194731       0.196246    0.000177036
             35       0.194097       0.196185    0.000182542
             36         0.1987       0.196255     0.00019066
             37       0.196202       0.196253    0.000185441
             38       0.195794       0.196241    0.000180899
             39       0.195552       0.196224    0.000177082
             40       0.197508       0.196256    0.000175559
             41        0.19635       0.196258    0.000171239
             42       0.196471       0.196263    0.000167189
             43       0.197234       0.196286     0.00016481
             44       0.198597       0.196338    0.000169375
             45       0.196509       0.196342    0.000165612
             46       0.197354       0.196364    0.000163459
             47       0.197824       0.196395    0.000162933
             48       0.196246       0.196392    0.000159532
             49       0.194624       0.196356    0.000160356
             50       0.196338       0.196356    0.000157117
