              1      -0.461785      -0.461785              0
              2      -0.461847      -0.461816       3.12e-05
              3       -0.46232      -0.461984    0.000168963
              4       -0.46219      -0.462036    0.000130141
              5      -0.462151      -0.462059    0.000103424
              6      -0.461722      -0.462003    0.000101356
              7      -0.462226      -0.462035    9.14301e-05
              8      -0.462298      -0.462068    8.57713e-05
              9      -0.462096      -0.462071    7.57089e-05
             10      -0.462146      -0.462078    6.81285e-05
             11      -0.462077      -0.462078    6.16247e-05
             12      -0.461835      -0.462058    5.97865e-05
             13      -0.462792      -0.462114    7.88262e-05
             14      -0.462346      -0.462131    7.48377e-05
             15      -0.461641      -0.462098    7.69515e-05
             16       -0.46242      -0.462118    7.47379e-05
             17      -0.462314       -0.46213    7.11449e-05
             18      -0.462206      -0.462134    6.72078e-05
             19      -0.461614      -0.462107    6.92233e-05
             20      -0.463682      -0.462185    0.000102535
             21      -0.462551      -0.462203    9.90736e-05
             22      -0.462032      -0.462195    9.47817e-05
             23      -0.461755      -0.462176    9.25644e-05
             24      -0.462606      -0.462194    9.04136e-05
             25       -0.46238      -0.462201    8.70407e-05
             26       -0.46165       -0.46218    8.62686e-05
             27      -0.463245       -0.46222    9.19017e-05
             28      -0.462051      -0.462214    8.87626e-05
             29      -0.461882      -0.462202    8.64049e-05
             30      -0.463072      -0.462231    8.83677e-05
             31      -0.462197       -0.46223    8.54768e-05
             32      -0.461431      -0.462205    8.64453e-05
             33      -0.462821      -0.462224    8.58374e-05
             34       -0.46193      -0.462215    8.37225e-05
             35      -0.462222      -0.462215    8.12955e-05
             36      -0.461539      -0.462196    8.12062e-05
             37      -0.461874      -0.462188    7.94615e-05
             38      -0.461612      -0.462173    7.88122e-05
             39      -0.463102      -0.462196    8.03819e-05
             40       -0.46105      -0.462168    8.34278e-05
             41      -0.462534      -0.462177    8.18553e-05
             42      -0.461278      -0.462155    8.27011e-05
             43      -0.462788       -0.46217    8.20846e-05
             44      -0.461587      -0.462157    8.12838e-05
             45      -0.461758      -0.462148    7.99485e-05
             46       -0.46335      -0.462174    8.24453e-05
             47      -0.462415      -0.462179    8.08351e-05
             48      -0.462351      -0.462183    7.92143e-05
             49       -0.46286      -0.462197    7.88024e-05
             50      -0.462176      -0.462196    7.72113e-05
