              1       0.198407       0.198407              0
              2       0.197282       0.197845    0.000562573
              3       0.195765       0.197151      0.0007656
              4       0.196708       0.197041    0.000552583
              5       0.197145       0.197062    0.000428542
              6       0.196408       0.196953    0.000366479
              7       0.197001       0.196959    0.000309808
              8       0.195912       0.196829    0.000298532
              9       0.195894       0.196725    0.000283034
             10       0.196765       0.196729    0.000253185
             11       0.196489       0.196707    0.000230048
             12       0.196349       0.196677    0.000212113
             13       0.197141       0.196713    0.000198358
             14       0.196512       0.196698    0.000184205
             15       0.196516       0.196686    0.000171915
             16       0.195723       0.196626    0.000171716
             17       0.196311       0.196607    0.000162358
             18       0.196316       0.196591    0.000153927
             19       0.196829       0.196604    0.000146139
             20       0.196924        0.19662    0.000139563
             21       0.197688       0.196671    0.000142156
             22       0.196543       0.196665    0.000135665
             23       0.197542       0.196703    0.000135128
             24       0.196091       0.196678    0.000131864
             25       0.197574       0.196713    0.000131465
             26       0.196653       0.196711    0.000126329
             27       0.197102       0.196726    0.000122417
             28       0.195907       0.196696     0.00012153
             29       0.196884       0.196703    0.000117443
             30       0.197061       0.196715    0.000114086
             31       0.196824       0.196718    0.000110402
             32       0.197244       0.196735     0.00010815
             33       0.194732       0.196674    0.000121127
             34       0.195745       0.196647    0.000120646
             35       0.196473       0.196642    0.000117253
             36       0.196176       0.196629    0.000114682
             37       0.196052       0.196613    0.000112625
             38       0.198186       0.196655    0.000117176
             39       0.196606       0.196653    0.000114139
             40       0.197524       0.196675     0.00011336
             41       0.196146       0.196662    0.000111311
             42       0.196229       0.196652    0.000109116
             43        0.19655       0.196649    0.000106575
             44       0.197441       0.196667    0.000105667
             45       0.197066       0.196676    0.000103672
             46        0.19701       0.196684    0.000101653
             47       0.197288       0.196696    0.000100296
             48       0.197744       0.196718     0.00010058
             49       0.196998       0.196724    9.86706e-05
             50       0.196614       0.196722    9.67021e-05
