              1      -0.461893      -0.461893              0
              2      -0.462591      -0.462242      0.0003492
              3       -0.46244      -0.462308    0.000212139
              4      -0.462614      -0.462385    0.000168431
              5      -0.462075      -0.462323    0.000144397
              6       -0.46145      -0.462177    0.000187183
              7      -0.462387      -0.462207    0.000161015
              8      -0.462216      -0.462208    0.000139447
              9      -0.462511      -0.462242      0.0001275
             10      -0.461683      -0.462186    0.000126996
             11      -0.462837      -0.462245    0.000129206
             12       -0.46129      -0.462166    0.000142319
             13      -0.461311        -0.4621    0.000146489
             14      -0.462659       -0.46214    0.000141383
             15      -0.462297       -0.46215    0.000132035
             16      -0.462983      -0.462202    0.000134029
             17      -0.462377      -0.462213    0.000126315
             18      -0.462081      -0.462205    0.000119316
             19      -0.462329      -0.462212    0.000113049
             20      -0.461714      -0.462187    0.000110094
             21      -0.462399      -0.462197    0.000105207
             22      -0.462415      -0.462207    0.000100799
             23      -0.461126       -0.46216     0.00010718
             24      -0.462715      -0.462183    0.000105193
             25      -0.462498      -0.462196    0.000101678
             26      -0.461345      -0.462163    0.000103025
             27       -0.46302      -0.462195    0.000104094
             28       -0.46143      -0.462167    0.000103955
             29      -0.462588      -0.462182     0.00010135
             30      -0.461572      -0.462162    0.000100001
             31      -0.462077      -0.462159    9.67605e-05
             32      -0.461127      -0.462127    9.90796e-05
             33      -0.461528      -0.462108    9.77284e-05
             34      -0.462232      -0.462112    9.48801e-05
             35      -0.462235      -0.462116    9.21965e-05
             36      -0.461119      -0.462088    9.37765e-05
             37      -0.463174      -0.462117    9.58171e-05
             38      -0.462246      -0.462121    9.33226e-05
             39      -0.462082       -0.46212    9.09038e-05
             40      -0.461512      -0.462104     8.9895e-05
             41      -0.462285      -0.462109    8.77853e-05
             42       -0.46221      -0.462111    8.57032e-05
             43      -0.462229      -0.462114     8.3731e-05
             44      -0.462414      -0.462121    8.20888e-05
             45      -0.461535      -0.462108    8.12923e-05
             46      -0.461567      -0.462096    8.03693e-05
             47      -0.461442      -0.462082     7.9864e-05
             48      -0.461423      -0.462068    7.93785e-05
             49      -0.462442      -0.462076    7.81154e-05
             50      -0.461964      -0.462074      7.657e-05
