              1        1.35481        1.35481              0
              2        1.34762        1.35122       0.003591
              3        1.36943        1.35729     0.00641651
              4        1.36622        1.35952     0.00505656
              5        1.34929        1.35747     0.00441917
              6        1.35475        1.35702     0.00363668
              7        1.37156         1.3591     0.00370952
              8        1.35754         1.3589     0.00321846
              9        1.36463        1.35954     0.00290883
             10        1.35681        1.35927     0.00261595
             11        1.36621         1.3599     0.00244901
             12         1.3392        1.35817      0.0028235
             13        1.34325        1.35702     0.00283961
             14         1.3511         1.3566     0.00266285
             15        1.36685        1.35728     0.00257142
             16        1.36529        1.35778     0.00245685
             17        1.36299        1.35809     0.00232804
             18        1.35957        1.35817     0.00219644
             19         1.3563        1.35807     0.00207997
             20        1.35972        1.35816     0.00197495
             21        1.36348        1.35841     0.00189555
             22         1.3505        1.35805     0.00184272
             23        1.36372         1.3583     0.00177795
             24        1.35711        1.35825     0.00170298
             25        1.35382        1.35807     0.00164301
             26        1.36703        1.35841      0.0016157
             27        1.38105        1.35925     0.00176632
             28        1.35859        1.35923     0.00170223
             29        1.35998        1.35925     0.00164269
             30        1.36317        1.35939     0.00159233
             31        1.36117        1.35944     0.00154119
             32        1.36185        1.35952     0.00149414
             33        1.36162        1.35958     0.00144956
             34        1.37299        1.35998     0.00146055
             35        1.36426         1.3601     0.00142349
             36        1.35503        1.35996     0.00139053
             37        1.35323        1.35978     0.00136457
             38        1.36687        1.35996     0.00134124
             39        1.36758        1.36016     0.00132092
             40         1.3663        1.36031      0.0012966
             41        1.36589        1.36045     0.00127186
             42        1.34348        1.36004      0.0013053
             43        1.34357        1.35966     0.00133093
             44        1.35982        1.35966     0.00130033
             45        1.36759        1.35984     0.00128326
             46        1.36334        1.35992     0.00125735
             47        1.36116        1.35994     0.00123059
             48        1.35301         1.3598      0.0012133
             49        1.36265        1.35986     0.00118971
             50        1.37487        1.36016     0.00120374
