              1       6.12e-05       6.12e-05              0
              2      0.0002176      0.0001394       7.82e-05
              3       8.24e-05      0.0001204    4.89838e-05
              4     -0.0017484     -0.0003468    0.000468482
              5     -0.0024436    -0.00076616     0.00055457
              6     -0.0020896   -0.000986733    0.000503671
              7     -0.0018452    -0.00110937    0.000442994
              8      0.0031272     -0.0005798    0.000653933
              9     -0.0001052   -0.000527067    0.000579121
             10     -0.0010488    -0.00057924    0.000520602
             11     -0.0031152   -0.000809782    0.000524308
             12       9.44e-05   -0.000734433     0.00048452
             13     -0.0030608   -0.000913385    0.000480277
             14      0.0007936   -0.000791457    0.000461064
             15      0.0029648    -0.00054104    0.000496936
             16      0.0003712   -0.000484025    0.000468324
             17      0.0015224      -0.000366    0.000455471
             18      -0.000502   -0.000373556    0.000429489
             19     -0.0004148   -0.000375726    0.000406262
             20      0.0015124    -0.00028132    0.000396808
             21      0.0005668   -0.000240933    0.000379594
             22     -0.0004348   -0.000249745    0.000362036
             23       -0.00198   -0.000324974    0.000354022
             24       -0.00267   -0.000422683    0.000352753
             25     -0.0023272   -0.000498864    0.000346819
             26     -0.0006284   -0.000503846     0.00033325
             27      -4.48e-05   -0.000486844    0.000321121
             28     -0.0001444   -0.000474614    0.000309681
             29      -0.002514   -0.000544938    0.000306975
             30      0.0020476    -0.00045852    0.000308901
             31      0.0007872   -0.000418335     0.00030146
             32     -0.0006768   -0.000426412    0.000291999
             33      0.0007828    -0.00038977    0.000285375
             34     -0.0047868   -0.000519094     0.00030557
             35     -0.0022076   -0.000567337    0.000300608
             36      -0.003274   -0.000642522    0.000301658
             37      -0.002446   -0.000691265    0.000297413
             38     -0.0010504   -0.000700716    0.000289635
             39      0.0006032   -0.000667282    0.000284085
             40     -0.0019024    -0.00069816    0.000278608
             41     -0.0001004    -0.00068358    0.000272119
             42      0.0006536   -0.000651743    0.000267462
             43      0.0006232   -0.000622093    0.000262846
             44      0.0020564   -0.000561218    0.000263919
             45     -0.0005256   -0.000560427    0.000257989
             46      0.0017672   -0.000509826    0.000257342
             47     -0.0008704   -0.000517498    0.000251924
             48      0.0006212   -0.000493775    0.000247758
             49      0.0017288   -0.000448416    0.000246852
             50      0.0003572   -0.000432304    0.000242401
