              1        18516.1        24463.9
              2        14886.8        19827.8
              3        14385.7        16913.7
              4        11619.7          14856
              5        10157.4        12464.7
              6        9705.03        11059.1
              7        9083.26          10060
              8        8013.68        9267.57
              9        7430.36        8515.22
             10        7035.92        7758.43
             11        6599.65        7124.68
             12        6309.44         6821.3
             13        6291.38        6497.75
             14        6177.07        6341.79
             15         6028.4        6237.63
             16        5894.24        6128.42
             17        5780.55        5999.28
             18        5704.88        5846.08
             19        5601.28        5747.48
             20        5536.92        5662.21
             21        5455.05        5585.18
             22        5336.76        5511.16
             23        5199.02        5395.48
             24        5199.02         5276.4
             25        5153.72        5204.71
             26        5153.72        5196.17
             27        5093.02        5162.25
             28        5047.73        5131.24
             29        5017.07        5112.41
             30        4997.53        5044.34
             31        4997.53        5017.05
             32        4997.53        5017.05
             33        4997.53        5017.05
             34        4997.53        5017.05
             35        4997.53        5017.05
             36        4997.53        5017.05
             37        4997.53        5017.05
             38        4997.53        5017.05
             39        4997.53        5017.05
             40        4997.53        5017.05
             41        4997.53        5017.05
             42        4997.53        5017.05
             43        4997.53        5017.05
             44        4997.53        5017.05
             45        4997.53        5017.05
             46        4997.53        5017.05
             47        4997.53        5017.05
             48        4997.53        5017.05
             49        4997.53        5017.05
             50        4997.53        5017.05
             51        4997.53        5017.05
             52        4997.53        5017.05
             53        4997.53        5017.05
             54        4997.53        5017.05
             55        4997.53        5017.05
             56        4997.53        5017.05
             57        4997.53        5017.05
             58        4997.53        5017.05
             59        4997.53        5017.05
             60        4997.53        5017.05
             61        4997.53        5017.05
             62        4997.53        5017.05
             63        4997.53        5017.05
             64        4997.53        5017.05
             65        4997.53        5017.05
             66        4997.53        5017.05
             67        4997.53        5017.05
             68        4997.53        5017.05
             69        4997.53        5017.05
             70        4997.53        5017.05
             71        4997.53        5017.05
             72        4997.53        5017.05
             73        4997.53        5017.05
             74        4997.53        5017.05
             75        4997.53        5017.05
             76        4997.53        5017.05
             77        4997.53        5017.05
             78        4997.53        5017.05
             79        4997.53        5017.05
             80        4997.53        5017.05
             81        4997.53        5017.05
             82        4997.53        5017.05
             83        4997.53        5017.05
             84        4997.53        5017.05
             85        4997.53        5017.05
             86        4997.53        5017.05
             87        4997.53        5017.05
             88        4997.53        5017.05
             89        4997.53        5017.05
             90        4997.53        5017.05
             91        4997.53        5017.05
             92        4997.53        5017.05
             93        4997.53        5017.05
             94        4997.53        5017.05
             95        4997.53        5017.05
             96        4997.53        5017.05
             97        4997.53        5017.05
             98        4997.53        5017.05
             99        4997.53        5017.05
            100        4997.53        5017.05
            101        4997.53        5017.05
            102        4997.53        5017.05
            103        4997.53        5017.05
            104        4997.53        5017.05
            105        4997.53        5017.05
            106        4997.53        5017.05
            107        4997.53        5017.05
            108        4997.53        5017.05
            109        4997.53        5017.05
            110        4997.53        5017.05
            111        4997.53        5017.05
            112        4997.53        5017.05
            113        4997.53        5017.05
            114        4997.53        5017.05
            115        4997.53        5017.05
            116        4997.53        5017.05
            117        4997.53        5017.05
            118        4997.53        5017.05
            119        4997.53        5017.05
            120        4997.53        5017.05
            121        4997.53        5017.05
            122        4997.53        5017.05
            123        4997.53        5017.05
            124        4997.53        5017.05
            125        4997.53        5017.05
            126        4997.53        5017.05
            127        4997.53        5017.05
            128        4997.53        5017.05
            129        4997.53        5017.05
            130        4997.53        5017.05
            131        4997.53        5017.05
            132        4997.53        5017.05
            133        4997.53        5017.05
            134        4997.53        5017.05
            135        4997.53        5017.05
            136        4997.53        5017.05
            137        4997.53        5017.05
            138        4997.53        5017.05
            139        4997.53        5017.05
            140        4997.53        5017.05
            141        4997.53        5017.05
            142        4997.53        5017.05
            143        4997.53        5017.05
            144        4997.53        5017.05
            145        4997.53        5017.05
            146        4997.53        5017.05
            147        4997.53        5017.05
            148        4997.53        5017.05
            149        4997.53        5017.05
            150        4997.53        5017.05
            151        4997.53        5017.05
            152        4997.53        5017.05
            153        4997.53        5017.05
            154        4997.53        5017.05
            155        4997.53        5017.05
            156        4997.53        5017.05
            157        4997.53        5017.05
            158        4997.53        5017.05
            159        4997.53        5017.05
            160        4997.53        5017.05
            161        4997.53        5017.05
            162        4997.53        5017.05
            163        4997.53        5017.05
            164        4997.53        5017.05
            165        4997.53        5017.05
            166        4997.53        5017.05
            167        4997.53        5017.05
            168        4997.53        5017.05
            169        4997.53        5017.05
            170        4997.53        5017.05
            171        4997.53        5017.05
            172        4997.53        5017.05
            173        4997.53        5017.05
            174        4997.53        5017.05
            175        4997.53        5017.05
            176        4997.53        5017.05
            177        4997.53        5017.05
            178        4997.53        5017.05
            179        4997.53        5017.05
            180        4997.53        5017.05
            181        4997.53        5017.05
            182        4997.53        5017.05
            183        4997.53        5017.05
            184        4997.53        5017.05
            185        4997.53        5017.05
            186        4997.53        5017.05
            187        4997.53        5017.05
            188        4997.53        5017.05
            189        4997.53        5017.05
            190        4997.53        5017.05
            191        4997.53        5017.05
            192        4997.53        5017.05
            193        4997.53        5017.05
            194        4997.53        5017.05
            195        4997.53        5017.05
            196        4997.53        5017.05
            197        4997.53        5017.05
            198        4997.53        5017.05
            199        4997.53        5017.05
            200        4997.53        5017.05
